1 
100 343 15  210869
6 
13 
24 
35 
36 
42 
43 
45 
46 
48 
53 
62 
67 
75 
83 
15237 
18060 
24186 
11338 
26561 
24887 
8806 
475 
29917 
24104 
23521 
27113 
8341 
4367 
21721 
1 13 10947 
1 24 12999 
1 31 15177 
1 57 12125 
1 60 13316 
1 71 14835 
1 90 15226 
1 95 5080 
1 99 11351 
2 17 7217 
2 39 13472 
2 42 15049 
2 77 14992 
2 78 14232 
3 5 11979 
3 19 8280 
3 30 10948 
3 40 14458 
3 52 11256 
3 64 12478 
3 70 2158 
3 80 14155 
3 83 10578 
4 33 5909 
4 53 10871 
4 61 11457 
4 62 15469 
4 79 5902 
4 100 13959 
5 19 14407 
5 40 12506 
5 70 9931 
5 76 10235 
5 83 2523 
6 21 15361 
6 74 8854 
7 13 10547 
7 14 6266 
7 22 6272 
7 24 8594 
7 66 12979 
7 73 13618 
7 86 2436 
7 90 7603 
7 95 15885 
8 27 15914 
8 31 11665 
8 34 15112 
8 60 13472 
8 75 13012 
8 82 14865 
8 85 8810 
8 87 15426 
8 96 8341 
8 99 14267 
9 16 13838 
9 27 7348 
9 37 7546 
9 43 10387 
9 46 8807 
9 47 3769 
9 51 12513 
9 55 15407 
9 59 12596 
9 63 13519 
9 85 10786 
9 87 8717 
9 93 10808 
9 96 13232 
10 44 12486 
10 54 14610 
10 62 8297 
10 67 5851 
10 84 12283 
10 92 7083 
10 94 8597 
11 23 15168 
11 33 15820 
11 54 10051 
11 61 11523 
11 84 12333 
11 89 9731 
12 16 11539 
12 27 13551 
12 29 5285 
12 35 14450 
12 55 7678 
12 59 7488 
12 93 10360 
13 14 7406 
13 22 8734 
13 24 5313 
13 57 11628 
13 73 13926 
13 86 8695 
13 90 4353 
13 95 6097 
14 22 9568 
14 24 9107 
14 57 15305 
14 66 12070 
14 73 8399 
14 86 6302 
14 90 3061 
14 95 13503 
15 36 11431 
15 66 13368 
16 27 12293 
16 29 13908 
16 37 15849 
16 47 13230 
16 49 10836 
16 55 13868 
16 59 10005 
16 93 4233 
17 39 10698 
17 51 12449 
17 63 11124 
17 77 13425 
17 78 9309 
18 65 4787 
18 69 12360 
18 91 9669 
19 30 7335 
19 52 4839 
19 64 4489 
19 70 9096 
19 80 6818 
19 83 14458 
20 26 4515 
21 30 11092 
21 52 11964 
21 64 13374 
21 74 10477 
21 80 10641 
22 24 4012 
22 86 4064 
22 90 8651 
22 95 12058 
23 33 15068 
23 61 9881 
23 74 15179 
23 79 13335 
23 98 8079 
23 100 14096 
24 86 6175 
24 90 6994 
24 95 8068 
25 28 10409 
25 32 14517 
25 49 13238 
25 50 10049 
25 56 4831 
25 58 6310 
25 88 15823 
27 29 10703 
27 37 14486 
27 46 15001 
27 47 10371 
27 55 8137 
27 59 6066 
27 85 7575 
27 87 12507 
27 93 8093 
27 96 7936 
28 44 9202 
28 50 9738 
28 56 14994 
28 58 6998 
29 55 2934 
29 59 5426 
29 85 14875 
29 93 11123 
29 96 12212 
30 52 3725 
30 64 6826 
30 70 12821 
30 80 6027 
31 57 14354 
31 60 1929 
31 71 13588 
31 75 11099 
31 99 4471 
32 42 9539 
32 56 13906 
32 58 15633 
32 88 2813 
33 53 13442 
33 54 12777 
33 61 5943 
33 62 13488 
33 79 3618 
33 84 15398 
33 100 14741 
34 82 1892 
35 49 12830 
35 50 11026 
35 89 9345 
36 66 7601 
36 77 9266 
36 78 14482 
37 43 10316 
37 46 9513 
37 47 4123 
37 51 4966 
37 63 6020 
37 78 15309 
37 87 12921 
37 93 14663 
38 41 4204 
38 72 15022 
38 92 15313 
38 94 10280 
39 42 14952 
39 49 15115 
39 56 12610 
39 63 15295 
40 70 12846 
40 83 10196 
41 72 11831 
41 94 14220 
42 56 14257 
42 88 6991 
43 46 1636 
43 47 10798 
43 51 12975 
43 57 9374 
43 63 14346 
43 73 11699 
43 85 15515 
43 87 6245 
44 50 15696 
44 58 15733 
44 84 14512 
45 68 10023 
45 75 12127 
45 76 13058 
46 47 9489 
46 51 12721 
46 57 10135 
46 63 14090 
46 73 13164 
46 85 14123 
46 87 5171 
47 51 8994 
47 59 14701 
47 63 9893 
47 85 14556 
47 87 11217 
47 93 11246 
48 81 7951 
49 50 7328 
49 56 12256 
49 93 15029 
50 56 11953 
50 58 12568 
51 63 1372 
51 73 14938 
51 78 10482 
52 64 3102 
52 70 12706 
52 80 3056 
53 61 15449 
53 79 10115 
53 98 12391 
53 100 4733 
54 61 12622 
54 62 8267 
54 67 14616 
54 84 3150 
54 89 13281 
55 59 4070 
55 85 11950 
55 93 10408 
55 96 9407 
56 58 10994 
56 88 14352 
57 60 13578 
57 73 15599 
57 87 9351 
57 90 13276 
57 95 11701 
57 99 10341 
59 85 12271 
59 93 6352 
59 96 10833 
60 71 12367 
60 75 12483 
60 99 3263 
61 79 6298 
61 84 15731 
61 98 14014 
61 100 14860 
62 67 6422 
62 84 7566 
62 92 13052 
63 73 15820 
63 78 9895 
64 70 13514 
64 80 2750 
65 69 7692 
65 91 5643 
65 97 12417 
66 73 9590 
66 77 12643 
66 78 14114 
66 86 15086 
66 90 15110 
67 84 13382 
67 92 7069 
67 94 11378 
68 71 8121 
68 75 14670 
69 76 15569 
69 91 3778 
69 97 5384 
70 80 15461 
70 83 8434 
71 99 14177 
73 78 14466 
73 86 14444 
73 90 10285 
75 82 15965 
75 99 15548 
76 83 12032 
76 91 14523 
77 78 7191 
79 98 13763 
79 100 11124 
84 89 13310 
85 87 9533 
85 93 15668 
85 96 3681 
86 90 6586 
86 95 13674 
87 96 13204 
87 99 14916 
90 95 10449 
91 97 9145 
92 94 5151 
93 96 15533 
95 99 14870 
98 100 7907 
