1 
400 1492 55 415328
1 
6 
15 
22 
30 
39 
74 
78 
82 
90 
91 
102 
103 
108 
122 
124 
125 
141 
142 
147 
154 
157 
188 
193 
199 
203 
208 
210 
232 
234 
237 
241 
242 
244 
272 
275 
278 
280 
283 
301 
314 
331 
333 
334 
351 
352 
359 
361 
363 
373 
382 
388 
390 
394 
395 
11728 
3216 
3576 
7623 
1171 
8711 
8096 
8057 
12295 
12437 
14762 
3390 
1911 
3125 
2926 
276 
14151 
6585 
12812 
11236 
10007 
12144 
13133 
12643 
9908 
4242 
6365 
10887 
351 
4708 
8110 
9777 
10327 
6452 
12111 
6706 
12459 
10846 
14151 
5897 
11076 
13725 
4268 
9618 
2602 
13447 
14491 
9110 
577 
7882 
13199 
1556 
2134 
6161 
5062 
1 7 5874 
1 84 4342 
1 112 7980 
1 128 5079 
1 131 6628 
1 276 7857 
1 373 4748 
1 395 6710 
2 56 6817 
2 115 7707 
2 154 5161 
2 248 3869 
2 325 5080 
2 366 7910 
3 57 6104 
3 74 2051 
3 75 6959 
3 134 2795 
3 213 7242 
3 223 4661 
3 279 2396 
3 304 6634 
3 311 6862 
3 334 7206 
3 365 4756 
4 9 6830 
4 175 5121 
4 204 4657 
4 215 4170 
4 282 4819 
5 91 6292 
5 141 2444 
5 224 7101 
5 262 1107 
5 285 3812 
5 344 7741 
6 46 4582 
6 97 7534 
6 158 4721 
6 199 1278 
6 220 1024 
6 260 2190 
6 362 6282 
6 366 3196 
6 370 6709 
7 88 6349 
7 131 4219 
7 216 4471 
7 245 7563 
7 272 5833 
7 276 2626 
7 295 7433 
8 12 6191 
8 65 5073 
8 178 3940 
8 225 7151 
8 227 841 
8 259 4296 
8 305 1583 
8 310 1819 
8 327 7223 
8 339 935 
8 363 7987 
9 14 6893 
9 175 2655 
9 204 2195 
9 215 6293 
9 236 6007 
9 246 4362 
10 52 5376 
10 143 6625 
10 170 7301 
10 221 6443 
10 238 5482 
10 301 7358 
11 22 5309 
11 138 6650 
11 173 7362 
11 176 7421 
11 257 7480 
11 273 3841 
11 312 7475 
11 338 5485 
12 225 7313 
12 227 5659 
12 259 5659 
12 294 7496 
12 305 6985 
12 310 7233 
12 339 6960 
13 44 4927 
13 70 5133 
13 136 3044 
13 142 6184 
13 239 6502 
13 358 2385 
13 392 6930 
14 31 3845 
14 37 7552 
14 47 3053 
14 145 6399 
14 198 7862 
14 236 1141 
14 246 3358 
15 97 5457 
15 108 3712 
15 129 316 
15 149 6793 
15 158 7516 
15 231 4429 
15 335 5842 
15 362 6470 
15 370 4937 
15 393 7043 
16 25 4297 
16 26 7739 
16 96 3282 
16 104 7062 
16 116 3558 
16 120 7892 
16 249 5484 
16 321 6445 
16 372 7300 
16 385 7083 
17 109 7164 
17 173 4471 
17 184 6350 
17 193 7936 
17 288 4061 
17 312 3420 
17 338 7064 
18 143 7547 
18 254 2607 
18 269 2944 
18 388 5515 
18 390 2387 
19 76 7074 
19 96 7571 
19 104 4726 
19 130 3212 
19 183 6032 
19 187 5525 
19 206 6477 
19 249 4797 
19 298 5941 
19 300 4400 
19 321 4236 
20 23 6621 
20 33 6845 
20 63 2522 
20 83 4944 
20 100 6708 
20 156 7772 
20 186 5019 
20 289 1665 
20 296 7464 
20 375 4887 
20 377 4937 
20 379 4073 
20 383 7747 
21 44 7294 
21 77 5966 
21 98 6477 
21 142 6432 
21 172 2532 
21 174 2936 
21 266 4799 
22 86 6644 
22 173 6542 
22 176 7996 
22 273 1802 
22 312 7746 
23 58 6416 
23 63 6256 
23 65 6987 
23 81 7521 
23 83 6544 
23 186 1681 
23 261 4164 
23 289 7481 
23 367 7275 
23 375 3762 
23 383 1232 
24 82 6070 
24 167 5926 
24 212 3421 
24 303 5456 
24 306 5215 
24 381 3503 
24 398 7384 
25 96 3865 
25 104 7192 
25 116 7800 
25 187 7817 
25 249 6560 
25 372 3079 
26 116 6697 
26 120 2652 
26 205 5670 
26 214 7889 
26 226 7695 
26 368 3712 
26 385 5538 
27 78 5889 
27 165 5234 
27 286 2730 
27 315 7336 
27 341 6375 
27 355 1210 
27 394 2235 
28 61 7466 
28 145 6884 
28 168 7379 
28 235 4250 
28 380 2681 
28 397 2798 
29 102 6931 
29 110 6500 
29 127 5406 
29 171 5277 
29 192 853 
29 382 2565 
30 33 5426 
30 67 6278 
30 100 5759 
30 150 4204 
30 156 5319 
30 160 3421 
30 191 4419 
30 229 7637 
30 230 1058 
30 277 5948 
30 291 5168 
30 324 7933 
30 364 4531 
31 47 4187 
31 114 4677 
31 198 4031 
31 236 4795 
31 237 7979 
31 246 4404 
31 307 4951 
31 349 7956 
32 53 3555 
32 98 7704 
32 139 6423 
32 258 5504 
32 266 6284 
32 333 4735 
32 340 5343 
32 384 4636 
33 100 351 
33 150 1633 
33 156 1070 
33 160 2201 
33 230 6347 
33 289 6018 
33 364 5579 
33 379 4045 
34 61 7587 
34 64 1827 
34 271 4372 
34 293 2129 
34 313 4788 
34 320 3384 
34 357 5467 
35 36 7714 
35 164 3264 
35 185 5479 
35 234 3722 
35 332 6134 
35 387 4435 
36 50 5930 
36 163 5182 
36 185 2472 
36 213 4627 
36 223 7179 
36 234 6422 
36 387 3414 
37 47 5497 
37 119 5164 
37 132 1402 
37 145 6645 
37 168 5407 
37 235 7855 
37 236 7944 
37 317 3437 
37 354 3077 
38 49 6983 
38 50 6392 
38 57 5565 
38 163 6964 
38 203 6187 
38 241 3325 
38 283 7932 
38 334 6640 
38 347 7631 
38 365 7052 
39 90 4731 
39 202 6366 
39 346 5991 
39 356 5974 
40 80 872 
40 180 6685 
40 342 3594 
41 106 4297 
41 148 971 
41 177 5700 
41 281 6172 
41 350 4619 
41 389 7624 
42 51 2874 
42 82 6262 
42 103 1605 
42 190 6751 
42 318 7307 
42 361 7504 
42 371 2427 
42 374 5397 
43 157 6071 
43 170 3988 
43 182 5490 
43 221 6411 
43 238 4020 
43 301 2110 
44 70 2575 
44 73 5831 
44 136 7610 
44 142 3327 
44 172 6377 
44 174 7889 
44 239 6444 
44 358 2745 
44 392 7133 
45 68 6191 
45 151 7619 
45 152 3709 
45 196 3450 
45 208 6763 
45 341 4899 
46 97 5583 
46 137 6916 
46 158 3706 
46 162 5872 
46 199 5197 
46 220 3558 
46 260 2504 
46 362 4462 
46 366 6258 
46 370 6663 
47 119 7564 
47 132 5840 
47 145 7307 
47 198 7400 
47 200 7495 
47 236 4037 
47 246 6175 
47 317 6182 
47 354 7869 
48 84 7792 
48 360 5705 
48 395 7986 
49 140 5302 
49 207 3980 
49 241 3939 
49 283 3828 
49 334 7936 
49 347 1462 
50 57 7798 
50 163 3452 
50 185 7924 
50 203 2923 
50 213 7092 
50 217 6431 
50 365 7724 
50 387 7526 
51 103 2369 
51 318 4943 
51 371 1087 
51 374 4224 
52 102 7528 
52 143 2730 
52 182 7065 
52 238 7382 
53 54 6989 
53 140 6306 
53 258 5039 
53 333 3521 
53 340 2260 
53 384 7363 
54 140 3900 
54 207 5043 
54 209 5408 
54 258 7744 
54 340 5000 
54 343 4845 
54 359 4678 
55 101 4955 
55 108 5716 
55 142 7354 
55 149 7922 
55 231 5284 
55 239 3615 
55 335 7332 
55 391 6549 
55 392 2917 
55 393 2979 
56 115 1001 
56 118 6595 
56 154 1893 
56 169 4711 
56 199 7816 
56 325 3632 
56 366 6588 
57 74 7749 
57 163 5591 
57 213 7427 
57 223 5533 
57 241 7760 
57 304 5935 
57 334 3401 
57 365 1922 
58 65 5467 
58 81 1606 
58 133 3666 
58 186 7171 
58 194 7881 
58 256 7349 
58 261 2326 
58 274 7027 
58 305 7704 
58 310 7397 
58 327 1943 
58 339 7449 
58 363 2041 
58 367 1051 
58 375 6770 
58 383 6334 
58 396 5064 
59 76 5343 
59 94 3556 
59 130 6535 
59 253 7221 
59 287 4962 
59 300 5973 
59 322 7271 
60 113 6439 
60 155 4256 
60 226 4960 
60 328 1465 
61 271 3955 
61 357 2853 
62 85 2756 
62 89 4550 
62 195 4686 
62 211 1282 
62 263 6749 
62 278 4785 
62 299 6259 
62 316 6528 
62 376 5104 
63 83 2430 
63 186 4592 
63 289 4183 
63 296 5425 
63 375 3230 
63 377 3174 
63 379 6420 
63 383 7487 
64 271 4492 
64 293 1084 
64 313 3873 
64 320 4462 
64 357 6618 
65 81 6999 
65 133 7912 
65 178 7705 
65 227 5913 
65 259 5702 
65 261 4748 
65 305 5795 
65 310 3397 
65 327 5896 
65 339 5003 
65 363 6619 
65 367 6370 
65 383 5987 
66 99 7153 
66 155 5107 
66 328 7334 
66 332 6616 
66 336 2805 
67 160 6870 
67 191 6803 
67 229 1473 
67 230 5671 
67 291 5871 
67 296 6756 
67 348 6668 
67 377 7351 
67 378 7158 
68 152 4515 
68 253 6218 
68 322 7407 
68 341 7044 
69 124 3914 
69 251 4870 
69 280 6554 
69 308 5482 
69 326 3026 
70 73 4062 
70 136 6977 
70 142 5896 
70 172 7415 
70 319 6293 
70 358 3915 
71 119 4525 
71 189 2480 
71 193 7034 
71 200 2554 
71 237 7414 
71 247 2000 
71 257 5511 
71 317 6024 
71 330 1655 
71 338 7089 
71 354 7977 
72 87 429 
72 151 3128 
72 183 6815 
72 206 2497 
72 298 4428 
73 172 6753 
73 319 2750 
73 358 7915 
74 75 5738 
74 134 922 
74 223 6642 
74 279 2371 
74 290 7103 
74 304 6684 
74 311 5735 
74 365 6643 
75 134 4870 
75 141 6724 
75 290 3083 
75 304 4232 
75 311 351 
75 334 7451 
76 104 7243 
76 126 7071 
76 130 4480 
76 187 6093 
76 287 960 
76 300 2803 
77 98 2179 
77 101 6291 
77 147 2506 
77 174 3474 
77 266 4965 
78 286 5634 
78 355 5356 
78 394 4893 
79 86 7432 
79 88 4539 
79 93 4122 
79 144 5866 
79 197 4812 
79 216 5925 
79 218 5134 
79 245 4295 
79 276 7822 
79 324 7857 
80 180 6432 
80 244 7632 
80 342 2911 
81 133 2680 
81 194 6301 
81 256 6122 
81 261 3704 
81 274 5888 
81 327 1982 
81 363 1430 
81 367 634 
81 375 7104 
81 383 7627 
81 396 3463 
81 400 7255 
82 103 5728 
82 190 4364 
82 212 3615 
82 306 2806 
82 331 7266 
82 361 6947 
82 374 6563 
82 381 7437 
82 398 7765 
83 186 5134 
83 261 7622 
83 289 6608 
83 296 4310 
83 375 2791 
83 377 3176 
83 383 7725 
84 128 3884 
84 284 7164 
84 360 6312 
84 373 2325 
84 395 5183 
85 89 4950 
85 195 6668 
85 211 2612 
85 263 4022 
85 278 6833 
85 299 5767 
85 376 7132 
86 88 7038 
86 93 4289 
86 176 7273 
86 197 2787 
86 218 4907 
86 245 5619 
86 272 7625 
86 273 6988 
87 113 7881 
87 151 3443 
87 183 7223 
87 206 2596 
87 298 4823 
88 93 2884 
88 197 5772 
88 216 2649 
88 218 7841 
88 245 1426 
88 272 4715 
88 276 3726 
88 295 6875 
89 211 3302 
89 263 7093 
89 278 3699 
89 318 4797 
89 331 6777 
89 374 7002 
90 202 1885 
90 356 4335 
91 105 3424 
91 224 1459 
91 255 5916 
91 262 6857 
91 344 2008 
91 351 5137 
92 111 6417 
92 135 922 
92 219 3253 
92 353 988 
92 361 7003 
93 197 2955 
93 216 5517 
93 218 5349 
93 245 1486 
93 272 5603 
93 276 6455 
93 295 7223 
94 183 7509 
94 253 4628 
94 322 5559 
95 123 2630 
95 209 6607 
95 222 7332 
95 270 7944 
95 343 5275 
95 351 7772 
95 359 5178 
95 399 6521 
96 104 3972 
96 116 5493 
96 187 5186 
96 249 2809 
96 321 5699 
96 372 5912 
97 129 5732 
97 137 4374 
97 158 2814 
97 220 6858 
97 260 6752 
97 362 1283 
97 370 2819 
98 147 4016 
98 174 4773 
98 266 3666 
99 109 5882 
99 188 6570 
100 150 1858 
100 156 1080 
100 160 2553 
100 230 6688 
100 289 5812 
100 364 5721 
100 379 3755 
101 142 4807 
101 147 5748 
101 174 5637 
101 231 7067 
101 239 3628 
101 335 6766 
101 392 3642 
101 393 4746 
102 127 3951 
102 143 5033 
102 171 5132 
102 192 6113 
103 190 7268 
103 318 5935 
103 331 7833 
103 371 2595 
103 374 3799 
104 126 7900 
104 130 6168 
104 187 1665 
104 228 7903 
104 249 1865 
104 300 5953 
104 321 5467 
104 372 7945 
105 123 6395 
105 222 7897 
105 224 2006 
105 255 3482 
105 344 4797 
105 351 1952 
106 148 5164 
106 153 4756 
106 281 3520 
106 350 3089 
106 389 6967 
107 165 5720 
107 286 5359 
107 314 4368 
107 315 2406 
108 129 3452 
108 149 4945 
108 231 2154 
108 335 5307 
108 391 7353 
108 393 3982 
109 173 5461 
109 188 5901 
109 208 7659 
109 288 6455 
109 312 6709 
110 127 6271 
110 171 5104 
110 192 6433 
110 382 5981 
110 388 7002 
111 135 7083 
111 219 3303 
111 244 5447 
111 292 3119 
111 353 6545 
112 128 5020 
112 144 6371 
112 216 6359 
112 265 5381 
112 276 7717 
112 395 4567 
113 188 3927 
113 328 5262 
114 193 6599 
114 198 879 
114 237 5767 
114 307 2912 
114 314 6506 
114 349 7177 
115 118 7193 
115 154 2893 
115 169 5295 
115 199 7475 
115 325 4596 
115 366 6463 
115 386 7738 
116 120 5666 
116 249 6165 
116 321 4650 
116 385 3798 
117 384 7491 
117 386 2866 
118 154 5915 
118 169 1897 
118 268 3473 
118 325 4413 
119 132 3776 
119 189 7005 
119 200 4207 
119 247 6443 
119 317 1785 
119 330 5616 
119 354 3474 
120 205 7369 
120 214 7066 
120 226 5610 
120 368 3034 
120 385 3223 
121 222 3936 
121 255 7895 
121 267 1725 
121 270 3679 
121 346 4371 
121 399 4246 
122 195 4929 
122 280 5583 
122 316 3414 
122 376 4532 
123 209 5859 
123 222 6163 
123 255 6177 
123 270 7978 
123 343 7079 
123 351 5176 
123 359 5231 
123 399 5891 
124 138 7545 
124 251 1390 
124 297 4681 
124 308 5838 
124 326 2902 
125 232 4421 
125 337 3508 
126 187 6298 
126 210 7739 
126 228 3076 
126 287 7143 
126 329 5105 
127 143 5746 
127 171 1190 
127 192 4607 
127 382 7317 
128 373 6131 
128 395 1653 
129 149 6483 
129 158 7824 
129 231 4291 
129 335 5885 
129 362 6762 
129 370 5254 
129 393 6880 
130 183 5322 
130 187 6083 
130 249 7073 
130 287 5292 
130 298 6514 
130 300 1713 
130 321 7442 
130 322 6851 
131 217 6102 
131 234 7953 
131 272 7820 
131 276 6603 
132 168 6280 
132 200 6986 
132 317 2094 
132 354 2067 
133 178 6615 
133 180 7911 
133 194 5154 
133 256 3714 
133 261 5993 
133 274 3363 
133 305 7317 
133 327 2094 
133 339 7496 
133 363 1630 
133 367 2779 
133 396 3109 
133 400 7122 
134 223 7450 
134 279 3245 
134 290 6188 
134 304 6231 
134 311 4889 
134 365 7116 
135 219 3817 
135 353 662 
135 361 6141 
136 358 5362 
137 158 6370 
137 243 7885 
137 362 5014 
137 370 7181 
138 176 5510 
138 257 7283 
138 297 7265 
138 308 6387 
138 326 7104 
139 284 7512 
139 333 6099 
139 360 7120 
139 384 2324 
140 207 1851 
140 283 5885 
140 333 7034 
140 340 5426 
140 347 5276 
141 262 1729 
141 285 2948 
141 290 6745 
141 311 6746 
142 172 6757 
142 174 5752 
142 239 3785 
142 358 3928 
142 392 4466 
143 171 6562 
144 233 6800 
144 265 5249 
144 277 5652 
144 324 5373 
144 364 7377 
145 168 6700 
145 235 2661 
145 236 5731 
145 397 4441 
146 147 7347 
146 231 7801 
146 335 4787 
146 370 6197 
147 174 5413 
147 266 7374 
147 335 6644 
148 177 5505 
148 281 7142 
148 350 5036 
149 231 7036 
149 391 4534 
149 393 7936 
150 156 1123 
150 160 1825 
150 230 5215 
150 277 7787 
150 289 7651 
150 364 4006 
150 379 5595 
151 152 4895 
151 183 6142 
151 206 5043 
151 298 4446 
151 322 7124 
152 196 7159 
152 253 7425 
152 298 7872 
152 322 7442 
152 341 7631 
153 281 2148 
153 350 7682 
153 389 5109 
154 169 4217 
154 248 7976 
154 325 2006 
154 366 7078 
155 214 6613 
155 226 4863 
155 328 4302 
155 336 5711 
156 160 2571 
156 230 6319 
156 289 6817 
156 364 4682 
156 379 4604 
157 166 5718 
157 372 5510 
158 199 5932 
158 220 4062 
158 260 4108 
158 362 1569 
158 366 7702 
158 370 2961 
159 179 7643 
159 243 3370 
159 369 2089 
160 191 7741 
160 230 4243 
160 289 7563 
160 364 5159 
160 377 7996 
160 379 6015 
161 250 2839 
161 294 4528 
161 350 6351 
162 199 7879 
162 220 7579 
162 248 6382 
162 260 6462 
162 264 4757 
162 366 7332 
163 185 7641 
163 203 6249 
163 213 4025 
163 223 4632 
163 365 4838 
164 214 6704 
164 234 6866 
164 332 4843 
164 336 6979 
164 345 7874 
164 387 7517 
165 184 7991 
165 196 6550 
165 286 3704 
165 315 3638 
165 341 4365 
165 355 6434 
165 394 7428 
166 170 7393 
166 181 6111 
167 303 4413 
167 309 3477 
167 348 2961 
167 378 2479 
167 381 7119 
168 235 5815 
168 354 6174 
168 397 5259 
169 268 5101 
169 325 3116 
170 181 4991 
170 221 2443 
170 238 2746 
170 301 3105 
171 192 4573 
171 382 6835 
172 174 5280 
172 266 6790 
173 273 7232 
173 288 7116 
173 312 1654 
173 338 6097 
174 239 7981 
174 266 5034 
175 204 2002 
175 215 3649 
175 246 5550 
175 349 7716 
176 197 5894 
176 218 3335 
176 273 6596 
177 389 7921 
178 180 4297 
178 225 4869 
178 227 3576 
178 256 7590 
178 274 7004 
178 305 2379 
178 310 5388 
178 327 6468 
178 339 3237 
178 363 7005 
180 225 4544 
180 227 7695 
180 256 6672 
180 274 6262 
180 305 6661 
180 339 7531 
181 221 3862 
181 238 7482 
182 238 6192 
182 301 5136 
183 206 6091 
183 253 4625 
183 298 2442 
183 300 6860 
183 322 2656 
184 196 6695 
184 208 6032 
184 288 3504 
184 315 7885 
185 213 6700 
185 234 5180 
185 387 1906 
186 261 5141 
186 289 6031 
186 367 7880 
186 375 2488 
186 377 7601 
186 383 2901 
187 228 6640 
187 249 3514 
187 287 6918 
187 300 5410 
187 321 7043 
187 372 7923 
188 208 7080 
189 193 6326 
189 200 4172 
189 237 6949 
189 247 965 
189 257 5060 
189 330 2132 
189 338 4609 
190 212 5360 
190 306 3552 
190 361 2682 
191 229 7556 
191 230 3497 
191 233 6469 
191 277 6399 
191 291 1527 
191 297 6335 
191 324 7226 
191 364 7707 
192 382 3324 
193 198 6239 
193 200 5672 
193 237 862 
193 247 7147 
193 338 7494 
194 201 7017 
194 256 3547 
194 274 4027 
194 275 3590 
194 327 7040 
194 363 6315 
194 367 6833 
194 396 2882 
194 400 2910 
195 211 5933 
195 278 7607 
195 299 5506 
195 316 1988 
195 376 468 
196 208 5000 
196 341 4124 
197 218 2756 
197 245 4428 
198 237 5385 
198 246 7920 
198 307 3397 
198 314 7337 
198 349 7657 
199 220 1934 
199 260 2694 
199 362 7477 
199 366 1929 
199 370 7987 
200 237 5787 
200 247 4192 
200 317 5044 
200 330 4194 
200 354 7498 
201 275 4485 
201 296 6533 
201 303 6677 
201 396 7296 
201 400 4131 
202 356 3848 
203 217 4469 
204 215 4941 
204 246 6351 
204 282 6902 
205 214 6825 
205 254 6878 
205 269 7597 
205 345 3963 
205 368 5385 
205 390 6961 
206 298 3731 
206 321 6056 
207 209 7967 
207 241 7886 
207 283 5742 
207 340 7277 
207 347 3609 
208 288 5342 
209 343 6183 
209 359 2043 
210 228 7359 
210 329 2662 
211 263 6287 
211 278 4245 
211 299 7250 
211 316 7724 
211 376 6338 
212 303 7612 
212 306 1815 
212 361 7909 
212 381 3824 
213 223 2674 
213 279 7676 
213 365 5746 
214 226 4154 
214 345 5359 
214 368 4254 
215 349 7278 
216 245 4076 
216 272 5691 
216 276 2129 
216 295 7940 
217 234 7336 
218 245 6684 
218 273 7640 
219 244 6364 
219 252 7210 
219 292 6224 
219 353 3251 
220 260 1233 
220 362 5582 
220 366 3639 
220 370 6388 
221 238 3980 
221 301 5202 
222 255 4802 
222 267 4217 
222 270 3649 
222 346 7762 
222 351 5956 
222 399 1514 
223 279 5533 
223 365 3641 
224 255 4584 
224 262 7816 
224 344 2882 
224 351 3680 
225 227 6357 
225 294 6130 
225 305 6201 
225 339 6998 
226 328 6218 
226 368 4487 
226 385 6230 
227 259 4651 
227 305 1463 
227 310 2643 
227 327 7698 
227 339 1313 
228 329 5232 
228 372 6275 
229 230 6947 
229 291 6402 
229 296 6834 
229 309 7816 
229 348 5194 
229 377 7912 
229 378 5687 
230 233 7892 
230 277 6228 
230 291 4130 
230 364 5430 
231 335 3285 
231 392 7606 
231 393 2647 
232 263 7841 
232 299 7765 
232 337 977 
233 277 3243 
233 291 7890 
233 297 7129 
233 324 1491 
233 364 7364 
234 387 3297 
235 380 6931 
235 397 1840 
236 246 3091 
237 247 7722 
238 301 1981 
239 358 5278 
239 392 697 
239 393 5580 
240 270 6861 
240 319 7347 
241 283 4718 
241 334 7357 
241 347 4938 
242 282 3402 
243 369 4015 
244 252 4375 
244 292 7466 
244 302 4582 
244 342 5094 
245 272 4770 
245 276 4980 
245 295 6695 
246 307 7004 
246 349 7568 
247 257 4327 
247 330 1186 
247 338 5271 
248 264 4931 
248 366 6990 
249 300 7248 
249 321 4018 
250 294 2385 
251 297 3828 
251 308 7206 
251 326 4291 
252 302 1366 
252 353 7931 
252 361 6905 
253 298 6629 
253 322 1968 
254 269 1463 
254 388 5002 
254 390 628 
255 267 7157 
255 344 6262 
255 351 1936 
255 399 6040 
256 274 597 
256 275 7073 
256 327 5773 
256 342 7375 
256 363 5336 
256 367 6388 
256 396 4083 
256 400 6421 
257 308 4095 
257 326 7212 
257 330 3881 
257 338 6973 
258 266 5345 
258 340 4164 
258 343 7173 
259 305 5877 
259 310 3610 
259 339 5158 
260 362 5475 
260 366 3945 
260 370 6796 
261 310 7569 
261 327 4151 
261 363 4365 
261 367 3302 
261 375 5370 
261 383 4007 
261 396 7077 
262 285 2737 
263 299 7773 
264 383 7419 
265 268 6584 
265 364 7429 
265 395 7093 
267 270 5178 
267 346 5718 
267 399 5053 
268 325 6271 
269 388 3540 
269 390 2034 
270 346 5257 
270 399 2523 
271 293 5546 
271 320 7680 
271 357 3528 
272 276 4502 
272 295 2260 
274 275 7588 
274 327 5371 
274 342 7664 
274 363 4993 
274 367 6103 
274 396 4197 
274 400 6857 
275 302 7780 
275 396 5542 
275 400 1696 
276 295 6599 
277 291 7921 
277 324 2327 
277 364 4162 
278 318 6512 
278 331 4488 
278 374 7115 
278 376 7817 
278 398 5625 
279 365 6834 
280 316 7529 
281 350 6610 
281 389 3945 
283 333 5813 
283 347 5223 
284 360 3392 
284 373 5532 
285 290 6847 
286 315 4744 
286 341 6718 
286 355 3623 
286 394 4399 
287 300 3668 
288 312 6832 
289 375 6376 
289 377 6309 
289 379 2598 
290 304 7306 
290 311 3430 
291 297 6476 
293 313 2866 
293 320 3799 
293 357 7422 
295 332 7267 
296 375 7102 
296 377 2562 
297 326 7120 
298 321 7851 
298 322 4755 
299 316 6973 
299 376 5833 
302 342 7583 
302 361 7960 
303 309 7773 
303 348 5408 
303 378 4728 
303 381 4127 
304 311 3881 
304 334 3310 
304 365 6709 
305 310 3058 
305 327 6458 
305 339 890 
305 363 7166 
305 367 7915 
306 361 6142 
306 381 5244 
307 314 4822 
307 349 4275 
308 326 3123 
308 330 7414 
309 348 3622 
309 378 3855 
310 327 6893 
310 339 2169 
310 363 7690 
310 367 7990 
311 334 7109 
312 338 4958 
313 320 4521 
314 315 6463 
314 349 4677 
315 341 7953 
316 376 1519 
317 330 7280 
317 354 2612 
318 331 6129 
318 371 6011 
318 374 3174 
320 357 7863 
321 385 6882 
323 352 585 
324 364 6453 
327 339 6399 
327 363 797 
327 367 1565 
327 396 4538 
330 338 6352 
331 374 4538 
331 398 2581 
332 336 3831 
333 340 5509 
333 384 6015 
334 347 7283 
334 365 4915 
335 370 7211 
335 393 4371 
339 363 7149 
339 367 7774 
340 343 7196 
341 355 7402 
343 359 4183 
344 351 6093 
345 368 6698 
346 399 7360 
348 378 701 
351 399 6903 
353 361 6089 
355 394 1036 
358 392 5867 
360 373 5797 
362 370 2753 
363 367 1255 
363 396 3752 
363 400 7806 
367 375 7183 
367 383 7288 
367 396 4032 
367 400 7879 
368 385 5844 
371 374 5213 
373 395 7500 
374 398 6950 
375 377 5669 
375 383 4935 
377 379 7765 
380 397 5418 
388 390 5554 
392 393 4976 
396 400 4080 
