1 
400 1515 62  350093
11 
20 
31 
35 
38 
39 
49 
51 
60 
63 
70 
74 
81 
100 
104 
110 
113 
116 
125 
137 
144 
146 
150 
170 
175 
178 
188 
189 
193 
209 
240 
249 
256 
264 
270 
280 
286 
295 
312 
314 
318 
323 
331 
337 
340 
344 
349 
352 
355 
358 
360 
365 
366 
370 
372 
381 
383 
385 
389 
395 
399 
400 
12996 
5850 
7318 
740 
4852 
10565 
11235 
492 
5260 
8140 
4888 
12101 
7097 
1976 
13235 
1772 
2626 
4280 
5349 
5616 
1669 
13027 
4452 
13511 
68 
7173 
5067 
560 
8111 
5068 
1526 
9674 
3953 
3917 
1420 
10271 
14197 
3742 
5812 
5009 
4569 
12186 
9277 
14036 
9904 
1624 
6001 
4797 
13263 
160 
1201 
3527 
7171 
12471 
3472 
6863 
11520 
214 
10419 
8351 
12423 
738 
1 5 7071 
1 34 7755 
1 129 5880 
1 160 5086 
1 195 7884 
1 258 5446 
1 282 6543 
1 328 7739 
1 343 7519 
1 347 6888 
2 61 5311 
2 107 931 
2 127 4486 
2 261 5777 
2 277 2332 
2 332 5077 
3 11 5433 
3 117 5374 
3 171 6012 
3 175 3516 
3 178 7086 
3 211 6398 
3 225 6216 
3 232 5678 
3 304 1581 
3 356 4707 
3 363 3051 
4 72 5679 
4 93 5505 
4 103 2732 
4 140 7325 
4 208 3997 
4 240 7764 
4 265 3660 
4 270 4844 
4 308 7387 
4 321 5453 
4 333 1849 
5 129 7305 
5 292 2525 
5 343 6107 
6 59 5346 
6 126 1146 
6 156 4396 
6 203 7206 
6 287 6143 
6 302 6221 
6 316 6872 
6 366 3569 
7 12 7760 
7 26 6097 
7 66 5288 
7 87 3927 
7 190 3342 
7 207 7582 
7 234 5401 
7 256 7800 
7 294 4305 
7 352 3107 
7 388 5764 
8 102 7351 
8 152 6253 
8 276 3155 
8 285 6317 
8 296 7914 
8 331 7642 
9 28 4849 
9 105 5389 
9 145 5356 
9 146 5876 
9 250 3964 
9 306 2214 
9 354 6811 
10 124 7044 
10 142 5253 
10 237 4945 
10 287 7511 
10 303 4627 
10 311 6364 
11 171 5532 
11 175 4078 
11 178 6359 
11 211 1151 
11 225 6288 
11 232 7661 
11 304 4885 
11 334 2939 
11 356 1985 
11 363 7792 
12 33 7799 
12 66 6098 
12 87 5311 
12 108 6090 
12 169 3401 
12 256 7495 
12 294 6000 
12 388 3915 
13 20 7210 
13 29 3894 
13 51 5842 
13 92 5528 
13 128 6487 
13 133 6590 
13 155 2650 
13 182 7966 
13 187 3088 
13 220 1549 
13 336 6671 
13 375 7194 
13 387 4834 
13 397 4120 
14 35 7404 
14 38 6270 
14 61 5553 
14 65 3658 
14 95 5356 
14 257 6801 
14 260 5813 
14 370 5526 
14 394 1216 
15 71 5213 
15 131 7442 
15 134 1721 
15 153 7286 
15 252 6095 
15 303 6533 
15 311 5045 
15 350 2880 
16 158 3306 
16 262 5478 
16 284 6597 
16 291 7897 
16 358 7786 
16 384 7620 
17 86 6769 
17 209 4607 
17 231 4560 
17 248 2993 
17 256 7390 
17 272 4642 
17 300 7077 
17 385 6304 
18 39 4535 
18 44 2330 
18 47 4401 
18 76 7979 
18 113 6755 
18 163 5742 
18 199 6793 
18 200 6764 
18 238 6787 
18 374 6679 
19 23 3575 
19 142 7071 
19 237 6731 
19 271 5124 
19 346 6288 
20 51 4395 
20 92 2732 
20 130 2456 
20 133 3585 
20 220 6241 
20 319 7541 
20 324 5574 
20 375 7675 
20 387 2476 
20 397 5673 
21 70 4626 
21 88 5555 
21 143 6339 
21 184 3307 
21 219 3910 
21 239 5767 
21 295 6638 
22 63 3785 
22 125 5939 
22 151 6744 
22 314 6842 
22 326 7611 
22 371 5794 
23 46 5627 
23 142 7742 
23 237 7565 
23 271 2058 
23 346 4852 
24 75 3913 
24 137 7236 
24 235 2967 
24 335 2952 
24 367 2979 
25 53 7058 
25 60 3181 
25 227 7213 
25 344 7395 
26 41 6259 
26 66 6633 
26 99 5323 
26 190 5285 
26 256 7589 
26 300 5002 
26 352 5502 
26 385 5220 
27 174 6159 
28 38 7934 
28 105 3935 
28 145 4983 
28 148 5726 
28 242 7696 
28 250 1348 
28 306 6985 
28 365 7732 
29 82 5904 
29 155 1286 
29 182 7682 
29 187 4731 
29 218 5004 
29 220 5365 
29 336 6595 
29 375 5394 
29 387 7527 
29 397 4024 
30 46 5984 
30 84 7271 
30 119 6744 
30 191 6382 
30 271 7891 
30 283 5856 
31 81 7926 
31 143 6768 
31 168 4502 
31 194 7632 
31 216 4520 
31 239 5698 
31 259 2590 
31 380 5427 
32 58 6690 
32 83 6581 
32 94 5768 
32 197 7976 
32 230 7251 
32 233 5672 
32 322 5007 
33 71 5936 
33 108 6922 
33 131 5647 
33 169 6115 
33 252 7461 
33 310 3487 
33 329 6628 
33 364 3558 
34 90 5864 
34 185 5453 
34 189 3221 
34 258 3242 
34 328 5599 
34 347 1641 
35 38 7549 
35 65 4099 
35 82 4039 
35 95 2673 
35 116 4207 
35 218 6551 
35 257 6129 
35 260 3391 
35 353 4404 
35 370 6213 
35 394 6875 
36 183 5692 
36 253 7360 
36 269 4350 
36 289 5768 
36 323 7993 
36 389 7288 
37 41 5147 
37 99 6468 
37 160 7232 
37 190 7196 
37 207 2963 
37 213 3166 
37 247 2027 
37 274 2622 
37 299 5066 
37 339 7475 
37 352 7382 
38 65 4690 
38 95 5049 
38 148 5283 
38 250 7257 
38 370 1374 
38 394 5064 
39 44 6853 
39 47 5660 
39 76 3646 
39 172 7608 
39 199 4564 
39 200 7007 
39 238 2787 
39 374 7948 
40 54 7720 
40 102 3968 
40 152 7052 
40 161 3199 
40 296 6535 
40 312 4295 
40 322 7754 
40 398 4132 
41 99 1351 
41 160 5294 
41 190 6461 
41 207 5282 
41 213 6150 
41 247 6498 
41 274 5674 
41 352 6784 
42 67 6765 
42 115 2866 
42 203 7995 
42 266 6367 
42 302 6241 
42 315 5131 
42 390 6426 
42 391 4601 
43 64 4738 
43 170 6236 
43 212 5900 
43 226 2706 
43 254 7435 
43 263 5749 
43 267 4500 
43 320 7360 
43 342 2183 
43 376 7029 
44 47 5124 
44 113 6705 
44 157 7861 
44 163 4685 
44 200 7989 
44 374 6862 
45 173 7410 
45 226 7128 
45 229 2899 
45 254 2838 
45 263 6862 
45 297 1196 
45 351 2346 
46 119 5077 
46 191 2584 
46 205 6963 
46 271 3743 
47 76 7466 
47 113 2763 
47 163 3844 
47 199 4192 
47 210 7911 
47 243 7235 
47 374 2449 
47 392 5575 
48 49 3976 
48 51 7195 
48 62 6562 
48 92 7988 
48 133 6589 
48 159 2515 
48 279 4146 
48 319 1073 
48 324 4633 
48 369 4817 
48 382 7747 
49 62 4887 
49 104 4300 
49 159 6479 
49 204 6456 
49 253 6644 
49 279 6371 
49 290 5539 
49 319 4384 
49 324 4465 
49 389 6393 
50 80 3222 
50 164 4622 
50 340 6873 
51 92 1796 
51 128 5132 
51 130 6763 
51 133 1133 
51 159 6271 
51 220 4316 
51 319 6224 
51 324 6851 
51 387 2992 
51 397 7108 
52 69 3949 
52 111 7618 
52 137 6667 
52 147 2391 
52 181 3719 
52 246 1648 
52 305 7218 
53 60 4048 
53 101 5879 
53 334 6777 
53 344 4053 
54 67 5967 
54 141 6976 
54 188 6521 
54 203 5664 
54 390 5490 
55 63 5134 
55 97 2869 
55 101 3979 
55 192 6917 
55 236 873 
55 281 592 
55 314 3447 
55 326 1433 
55 400 2306 
56 117 7593 
56 154 4920 
56 178 7871 
56 225 7259 
56 232 5435 
56 363 7509 
57 94 7412 
57 262 6058 
57 284 5950 
57 288 7219 
57 307 6499 
58 83 7305 
58 106 7712 
58 197 1453 
58 214 2506 
58 230 6885 
58 233 1416 
58 268 7570 
58 273 6262 
58 359 3735 
59 124 5297 
59 126 6264 
59 156 6236 
59 215 5679 
59 287 3512 
59 316 1879 
59 317 7861 
60 192 7418 
60 344 5698 
61 107 5418 
61 127 2862 
61 257 7409 
61 261 5173 
61 277 7208 
61 394 6767 
62 104 5616 
62 176 5320 
62 253 4659 
62 279 5419 
62 289 7486 
62 290 7685 
62 319 7537 
62 348 7836 
62 379 3987 
62 381 7426 
62 389 6132 
63 97 7024 
63 125 7691 
63 236 5627 
63 281 4775 
63 314 4336 
63 326 3888 
63 371 5553 
63 400 4259 
64 120 3626 
64 167 4106 
64 170 2841 
64 212 7213 
64 226 7367 
64 267 5747 
64 342 4131 
64 376 2754 
65 82 7723 
65 95 1711 
65 116 7449 
65 257 6486 
65 260 4123 
65 370 3394 
65 394 2862 
66 87 6614 
66 169 7250 
66 190 7889 
66 248 7310 
66 256 2600 
66 272 7062 
66 294 7471 
66 352 7800 
66 388 2198 
67 188 6672 
67 203 7181 
67 251 4624 
67 307 7014 
67 390 5422 
67 391 2616 
68 100 3174 
68 111 7795 
68 166 3252 
68 177 6802 
68 217 4647 
68 222 3516 
68 227 6825 
68 396 4378 
69 100 6879 
69 147 5670 
69 150 6812 
69 181 7657 
69 246 5166 
69 305 7782 
69 396 7341 
70 88 3045 
70 143 6032 
70 184 7240 
70 219 5557 
70 295 2467 
70 360 4754 
71 134 4058 
71 153 6992 
71 157 7338 
71 252 1798 
71 293 4601 
71 310 4108 
71 313 5294 
71 329 7429 
71 350 3212 
71 364 5345 
72 93 7172 
72 109 6641 
72 140 7824 
72 208 7507 
72 240 6481 
72 265 4667 
72 270 929 
72 301 5792 
72 321 3646 
72 333 6259 
73 121 3653 
73 227 5924 
74 83 6460 
74 180 7872 
74 230 6420 
74 241 1905 
74 249 5532 
74 264 6107 
74 268 5658 
74 275 4939 
74 323 3931 
74 395 7192 
75 137 5336 
75 181 5542 
75 235 5622 
75 246 7331 
75 335 1160 
75 367 4265 
76 172 4850 
76 199 4042 
76 210 7396 
76 238 3812 
77 124 5700 
77 142 4822 
77 202 1943 
77 215 4596 
77 237 5245 
77 301 3413 
77 346 5234 
78 148 5441 
78 357 1354 
78 365 3720 
78 373 4794 
78 378 2406 
79 109 3780 
79 110 5167 
79 140 6356 
79 240 4642 
79 321 6964 
79 377 7043 
79 383 6478 
80 164 7513 
80 276 5984 
81 196 7454 
81 216 3406 
81 278 5521 
81 355 7366 
82 95 6032 
82 116 5800 
82 155 7157 
82 201 7611 
82 218 3821 
82 260 7193 
82 291 7790 
82 353 4532 
82 375 7091 
83 94 6563 
83 197 7536 
83 214 7080 
83 230 1150 
83 233 5958 
83 241 6311 
83 264 7405 
83 268 1658 
83 275 5852 
83 359 7934 
83 395 6897 
84 119 3856 
84 191 6286 
84 283 4281 
84 330 5422 
85 182 4920 
85 336 6013 
85 373 3923 
86 98 3500 
86 123 3319 
86 209 4546 
86 231 7477 
87 190 6806 
87 234 3114 
87 294 894 
87 352 6496 
87 360 7260 
87 388 5634 
88 143 3298 
88 168 7606 
88 184 6839 
88 219 7989 
88 234 7684 
88 239 7780 
88 259 7815 
88 295 2225 
88 360 5034 
88 380 6502 
89 206 2627 
89 325 2323 
90 185 5601 
90 189 2664 
90 347 7363 
91 97 6558 
91 144 7048 
91 171 5795 
91 175 7097 
91 244 6132 
91 304 7654 
91 399 7316 
91 400 7496 
92 128 6659 
92 130 5006 
92 133 1498 
92 155 7396 
92 159 7551 
92 220 4201 
92 319 6937 
92 324 6508 
92 387 1348 
92 397 5745 
93 103 7368 
93 270 6344 
93 301 7756 
93 333 3817 
94 230 7708 
94 249 7445 
94 264 6134 
95 116 6559 
95 257 6782 
95 260 4032 
95 353 7043 
95 370 3678 
95 394 4564 
96 280 985 
96 334 7982 
96 344 4397 
97 101 2992 
97 171 5565 
97 236 1995 
97 281 3454 
97 314 6314 
97 326 3309 
97 400 2817 
98 123 5342 
98 209 7821 
98 338 5522 
99 160 5815 
99 190 6615 
99 207 6286 
99 213 7452 
99 247 7849 
99 274 6995 
99 352 6946 
100 166 2632 
100 217 5748 
100 222 6105 
100 396 4997 
101 171 5448 
101 175 7781 
101 236 3459 
101 281 4457 
101 314 6858 
101 326 5199 
101 334 7317 
101 356 7433 
101 400 5335 
102 152 4575 
102 161 4089 
102 285 5297 
102 286 7244 
102 296 4069 
102 312 6488 
102 331 7818 
102 398 6022 
103 140 7555 
103 208 3380 
103 263 7318 
103 265 5001 
103 270 7484 
103 308 5119 
103 321 7180 
103 333 3639 
104 204 3532 
104 253 3667 
104 290 2079 
104 324 7727 
104 389 2315 
105 145 1252 
105 242 4018 
105 250 4713 
105 306 6684 
106 273 3329 
106 285 7205 
106 286 6056 
107 127 4085 
107 261 5055 
107 277 3023 
107 332 5866 
107 386 7915 
108 131 7047 
108 165 4049 
108 169 2792 
108 186 3855 
108 256 7596 
108 272 7917 
108 341 5274 
108 388 6808 
109 140 3189 
109 208 6633 
109 240 934 
109 265 4871 
109 270 7026 
109 321 3429 
110 152 6676 
110 318 7313 
110 331 3427 
110 377 2877 
110 383 1814 
111 137 3639 
111 177 7564 
111 217 3171 
111 246 6522 
111 367 7589 
111 396 3509 
112 135 5774 
112 196 7276 
112 224 3177 
112 325 6217 
112 355 6845 
113 138 7963 
113 163 3054 
113 199 5934 
113 243 4478 
113 374 676 
113 392 5089 
114 174 3273 
114 255 7945 
114 332 7996 
114 345 2743 
114 372 5010 
115 122 6929 
115 266 7159 
115 302 4060 
115 315 5941 
115 366 6805 
115 390 7423 
115 391 7384 
116 201 5940 
116 218 5520 
116 257 4821 
116 260 3945 
116 291 5561 
116 353 1844 
116 358 7738 
116 375 7968 
117 232 6214 
117 304 6703 
117 363 2876 
118 146 7545 
118 179 4894 
118 198 624 
118 305 2670 
118 349 5246 
119 191 2606 
119 205 6740 
119 283 7060 
120 167 1322 
120 170 3291 
120 342 7690 
120 376 3011 
121 177 6384 
121 222 6574 
121 227 2884 
122 243 5337 
122 266 7325 
122 315 7008 
122 362 2364 
123 209 6259 
124 142 5493 
124 202 7182 
124 215 2738 
124 237 5749 
124 287 2555 
124 301 7439 
124 316 6237 
125 151 3126 
125 200 7712 
125 371 3545 
126 156 5339 
126 203 7397 
126 287 6534 
126 302 5275 
126 316 7887 
126 366 2541 
127 221 6640 
127 257 7557 
127 261 2391 
127 277 6797 
127 298 6848 
128 133 6212 
128 159 7876 
128 187 6537 
128 220 5394 
128 382 7298 
128 387 7358 
129 195 3481 
129 258 6314 
129 282 1114 
129 292 6820 
129 328 5534 
129 343 2701 
129 347 7977 
130 133 6028 
130 220 7673 
130 324 6925 
130 375 6337 
130 387 4271 
130 397 5433 
132 251 7214 
132 266 5242 
132 315 5698 
132 368 6070 
132 384 6845 
132 391 7932 
133 159 6053 
133 220 5124 
133 319 5560 
133 324 5766 
133 387 2846 
133 397 7234 
134 153 5776 
134 252 4584 
134 293 7600 
134 303 7087 
134 310 7992 
134 311 5295 
134 350 1192 
135 196 5385 
135 224 2598 
135 355 6665 
136 209 5143 
136 231 3701 
136 300 7829 
136 361 2391 
136 385 7879 
137 181 5694 
137 217 6755 
137 235 6436 
137 246 5092 
137 335 5116 
137 367 4846 
137 396 6908 
138 172 5149 
138 199 6500 
138 210 2163 
138 362 7766 
138 374 7434 
138 386 5693 
138 392 3007 
139 140 7961 
139 164 7790 
139 173 4829 
139 193 3054 
139 308 5682 
139 309 4638 
139 340 5536 
140 164 7879 
140 208 4210 
140 240 2359 
140 265 3999 
140 270 7833 
140 308 6993 
140 321 4195 
141 161 7939 
141 188 2917 
141 312 5483 
141 322 7555 
141 398 6034 
142 202 4589 
142 215 6698 
142 237 431 
142 287 7588 
142 346 4256 
143 168 4633 
143 184 5864 
143 239 5657 
143 259 4683 
143 295 5464 
143 380 3740 
144 184 7736 
144 239 7840 
144 244 1012 
144 337 1221 
144 399 2019 
145 146 7609 
145 179 7261 
145 242 3715 
145 250 5564 
145 306 6250 
146 150 7911 
146 198 7248 
146 306 3836 
146 354 5239 
147 181 3321 
147 246 3236 
147 305 5678 
147 349 7390 
148 250 6047 
148 357 6687 
148 365 6657 
148 370 6141 
148 378 4837 
149 176 3091 
149 223 6833 
149 279 6735 
149 369 7937 
149 379 5734 
150 255 6483 
151 238 6997 
151 371 6579 
152 331 3254 
152 377 5847 
152 383 5681 
153 157 7247 
153 243 7828 
153 252 5719 
153 293 6696 
153 311 6768 
153 350 5097 
154 178 3429 
154 225 3333 
154 232 3280 
154 363 7315 
155 182 7830 
155 187 4082 
155 218 5849 
155 220 4087 
155 336 6635 
155 375 5504 
155 387 6353 
155 397 3356 
156 203 5234 
156 316 6669 
156 317 5478 
156 318 7046 
156 366 6894 
156 390 7139 
157 163 6028 
157 252 5699 
157 293 2809 
157 313 3511 
157 329 7848 
158 262 4166 
158 284 6016 
159 279 4016 
159 319 2595 
159 324 6429 
159 369 3006 
159 382 5398 
160 213 5487 
160 247 7052 
160 274 5508 
161 285 6532 
161 286 6346 
161 296 4203 
161 312 2472 
161 322 4668 
161 398 1959 
162 185 6288 
163 199 7990 
163 243 5943 
163 374 3589 
164 309 7684 
164 340 4801 
165 169 6752 
165 186 1554 
165 272 6197 
165 341 1242 
166 217 7461 
166 222 4501 
166 396 6918 
167 170 2722 
167 267 7607 
167 376 4207 
168 194 6344 
168 239 7627 
168 259 4456 
168 339 5448 
168 380 1232 
169 186 6228 
169 256 7478 
169 341 7993 
169 388 5284 
170 267 4898 
170 342 6472 
170 376 4692 
171 175 2596 
171 211 6552 
171 236 7447 
171 304 4436 
171 334 6289 
171 356 3577 
172 199 4093 
172 210 2988 
172 386 3963 
172 392 5126 
173 193 2745 
173 254 6924 
173 308 5494 
173 309 7630 
173 351 6314 
174 332 7443 
174 345 3305 
174 372 7994 
175 211 5227 
175 304 2007 
175 334 6004 
175 356 2276 
175 363 6568 
176 223 6000 
176 279 4878 
176 348 7751 
176 369 7066 
176 379 3131 
177 217 5888 
177 222 6941 
177 227 6354 
177 396 6700 
178 211 6070 
178 225 1085 
178 232 3359 
178 356 7823 
178 363 6793 
179 198 4415 
179 242 5700 
179 305 7403 
179 349 6339 
180 204 4851 
180 249 5551 
180 264 6807 
180 290 6316 
180 323 6061 
181 246 2770 
181 335 6427 
182 187 5003 
182 336 1295 
182 373 5559 
182 378 7560 
183 269 1604 
184 219 6943 
184 239 2599 
184 259 5677 
184 337 6620 
185 189 4459 
185 347 6900 
186 248 6699 
186 256 6683 
186 272 4869 
186 341 2418 
186 388 7946 
187 220 4041 
187 336 3718 
187 387 7769 
187 397 6876 
188 251 7492 
188 307 5932 
189 258 6068 
189 347 4776 
190 207 4413 
190 234 7008 
190 294 6869 
190 339 7452 
190 352 331 
191 205 5824 
191 245 7462 
191 271 6289 
192 236 7655 
192 281 6502 
192 314 4655 
192 326 7718 
193 308 6637 
193 309 4885 
193 340 7156 
194 216 7679 
194 278 7346 
194 299 4403 
194 339 5869 
194 380 7314 
195 258 5435 
195 282 2391 
195 328 2894 
195 343 5620 
195 347 6622 
196 224 5673 
196 278 6708 
196 355 2019 
197 214 1221 
197 230 6909 
197 233 2348 
197 268 7479 
197 273 7296 
197 359 2306 
198 305 3282 
198 349 5538 
199 210 4949 
199 238 6678 
199 374 5288 
199 386 7985 
199 392 4325 
200 238 6432 
201 218 4075 
201 291 688 
201 353 4713 
201 375 3249 
201 397 6528 
202 215 6473 
202 237 4949 
202 301 4688 
202 346 3500 
203 302 7151 
203 366 7064 
203 390 1933 
203 391 7948 
204 253 6689 
204 290 1476 
204 323 6551 
204 389 4567 
205 245 2193 
205 327 7579 
205 338 5940 
206 325 2255 
207 213 6097 
207 247 4919 
207 274 5529 
207 299 6527 
207 339 5795 
207 352 4551 
208 240 5707 
208 265 2968 
208 270 7021 
208 308 4357 
208 321 5034 
208 333 5770 
209 231 2988 
209 248 7589 
209 361 4940 
210 374 7413 
210 386 4416 
210 392 3067 
211 225 6197 
211 232 7865 
211 304 5982 
211 334 2549 
211 356 3082 
212 226 7374 
212 229 7544 
212 320 1462 
212 342 4006 
212 376 7419 
212 393 3679 
213 247 1786 
213 274 594 
213 299 5781 
214 230 6308 
214 233 2904 
214 268 6778 
214 359 1350 
214 395 7219 
215 237 7067 
215 287 4544 
215 301 5144 
215 316 5757 
216 259 6992 
216 278 7083 
217 222 7573 
217 396 942 
218 291 4435 
218 353 3675 
218 375 3375 
218 397 5564 
220 336 7756 
220 375 7877 
220 387 3770 
220 397 4601 
221 257 6503 
221 261 4710 
221 298 3047 
221 358 5685 
222 227 3792 
222 396 7577 
223 289 7540 
223 348 2931 
223 379 4258 
223 381 4571 
224 355 6166 
225 232 2351 
225 304 7271 
225 356 7530 
225 363 5723 
226 254 5057 
226 263 3119 
226 267 5085 
226 342 4546 
228 278 4040 
228 299 7943 
228 355 6809 
229 254 5282 
229 297 2024 
229 320 7881 
229 351 4122 
229 393 7208 
230 233 5632 
230 241 5932 
230 268 848 
230 275 4967 
230 359 7041 
230 395 5813 
231 248 7280 
231 300 5995 
231 361 4945 
231 385 5660 
232 304 7079 
232 363 4086 
233 268 6366 
233 273 7063 
233 359 4254 
234 294 2237 
234 295 7292 
234 339 6806 
234 352 6678 
234 360 6564 
234 380 7927 
235 335 4462 
235 367 1725 
236 281 1461 
236 314 4320 
236 326 1742 
236 400 2097 
237 287 7756 
237 346 4341 
239 259 3490 
239 337 6970 
239 380 7634 
240 265 4103 
240 270 6749 
240 321 2997 
241 249 7359 
241 264 7804 
241 268 5092 
241 275 3165 
241 323 4801 
241 395 5393 
243 362 4628 
243 374 4842 
243 392 6773 
244 337 2190 
244 399 2586 
245 338 4378 
246 335 7924 
246 396 7883 
247 274 1555 
247 299 4221 
248 256 4775 
248 272 1830 
248 300 7737 
248 385 6886 
249 264 1322 
249 323 6993 
250 306 6173 
251 288 6350 
251 307 3765 
251 391 4467 
252 293 3117 
252 310 4983 
252 313 4295 
252 329 7504 
252 350 3449 
252 364 6127 
253 289 4598 
253 290 5272 
253 348 7814 
253 379 6907 
253 381 6469 
253 389 2249 
254 263 4082 
254 297 4016 
254 351 4559 
255 354 6186 
256 272 4473 
256 385 7435 
256 388 3870 
257 260 2847 
257 261 7670 
257 353 6641 
257 358 7358 
257 394 7322 
258 282 6012 
258 328 3391 
258 347 1747 
259 380 4826 
260 353 5370 
260 370 7408 
260 394 5861 
261 298 4463 
261 386 7038 
262 284 2002 
262 288 4666 
262 384 7888 
263 267 6382 
263 297 7992 
263 308 7378 
263 342 7666 
265 270 4337 
265 308 7317 
265 321 2217 
265 333 5388 
266 315 1260 
266 362 6243 
267 342 6285 
268 275 4213 
268 359 7383 
268 395 5276 
270 301 5990 
270 321 3784 
270 333 5337 
271 346 6489 
272 341 6362 
272 388 7858 
273 285 5904 
273 286 3381 
273 296 6475 
273 322 7070 
274 299 5734 
275 323 7785 
275 395 2253 
277 332 2879 
277 345 7553 
278 355 5164 
279 319 5114 
279 369 2912 
279 379 6719 
279 382 6130 
280 344 5311 
281 314 2860 
281 326 1406 
281 400 2527 
282 292 7835 
282 328 4691 
282 343 3402 
282 347 7573 
284 288 2684 
284 307 6439 
284 368 7236 
284 384 6745 
285 286 3435 
285 296 2366 
285 322 7424 
286 296 3176 
286 312 7651 
286 322 4921 
286 398 7155 
287 316 5037 
288 307 4886 
288 368 5708 
288 384 5475 
289 348 4831 
289 379 7179 
289 381 3082 
289 389 6305 
290 323 7183 
290 324 7909 
290 389 3248 
291 353 4510 
291 375 3930 
291 397 7214 
292 343 4803 
293 310 5677 
293 313 1868 
293 329 6333 
293 350 6420 
293 364 6410 
294 352 6547 
294 360 6786 
294 388 6529 
295 360 2922 
296 312 6283 
296 322 5507 
296 398 5718 
297 351 2217 
298 386 5596 
299 339 6634 
300 385 851 
302 366 2764 
302 390 7067 
303 311 1976 
303 350 7954 
304 334 7393 
304 356 3654 
304 363 4607 
305 349 5363 
306 354 5014 
307 391 7885 
309 340 3067 
310 313 4873 
310 329 3995 
310 350 7291 
310 364 1242 
311 350 6066 
312 322 4152 
312 398 566 
313 329 4583 
313 350 7744 
313 364 5288 
314 326 3547 
314 400 4809 
315 362 6335 
315 391 7788 
316 317 6841 
316 318 6835 
317 318 1792 
317 377 6116 
318 331 7378 
318 377 4582 
319 324 3924 
319 369 5350 
319 382 7993 
320 342 5423 
320 393 2475 
321 333 6935 
322 398 3933 
323 389 7817 
324 387 7328 
326 400 1277 
328 347 4044 
329 360 6533 
329 364 3173 
331 377 3336 
331 383 2582 
332 345 5256 
334 344 6020 
334 356 3785 
335 367 3149 
336 373 6847 
337 399 2357 
338 341 7294 
339 352 7301 
339 380 5363 
342 376 5711 
342 393 7651 
345 372 5408 
348 379 5011 
348 381 1751 
353 375 6266 
356 363 7545 
357 365 3331 
357 373 4112 
357 378 3582 
358 368 7550 
358 384 7161 
359 395 6817 
362 392 7680 
365 373 7223 
365 378 5976 
366 390 7706 
368 384 793 
369 382 3332 
370 394 4315 
371 400 7741 
373 378 5383 
374 392 4509 
375 387 7260 
375 397 3299 
377 383 3911 
379 381 5481 
386 392 7481 
387 397 4423 
390 391 6016 
