1 
400 1442 67 475130
5 
6 
25 
36 
41 
48 
65 
70 
75 
85 
93 
98 
103 
109 
110 
114 
117 
128 
129 
142 
144 
147 
148 
151 
155 
162 
163 
165 
168 
170 
175 
179 
188 
190 
216 
218 
219 
220 
227 
232 
238 
247 
248 
256 
258 
260 
265 
277 
285 
287 
299 
302 
304 
316 
318 
322 
326 
350 
353 
356 
370 
373 
377 
381 
383 
397 
398 
5283 
12553 
11373 
2595 
6189 
3933 
10932 
3746 
8181 
14871 
13184 
6249 
7340 
6943 
945 
5597 
12811 
5194 
8053 
9119 
6930 
8475 
12743 
5803 
9814 
10912 
14053 
8173 
1326 
9801 
12831 
3098 
9818 
2992 
12378 
13386 
3912 
4578 
8701 
3762 
2577 
14298 
192 
9608 
13371 
8418 
11932 
13850 
10412 
3830 
12262 
8507 
14391 
14651 
8698 
13718 
9728 
14289 
3943 
833 
12201 
3299 
3417 
356 
69 
14248 
1431 
1 192 7527 
1 248 5130 
1 264 4001 
1 324 7806 
1 352 424 
1 362 2836 
1 393 5245 
2 91 3244 
2 121 6574 
2 274 4614 
2 400 903 
3 17 2066 
3 63 6174 
3 67 7986 
3 86 952 
3 102 6286 
3 118 6019 
3 300 7671 
4 21 5175 
4 34 6812 
4 44 3113 
4 51 2505 
4 70 3216 
4 273 7396 
4 332 6619 
5 16 6383 
5 87 2968 
5 115 5264 
5 143 3108 
5 215 5809 
5 218 4806 
5 223 7841 
5 271 2145 
5 360 4797 
5 386 5754 
5 390 6753 
6 13 3865 
6 42 5980 
6 54 5250 
6 79 7952 
6 100 7076 
6 111 6982 
6 139 5995 
6 163 7947 
6 165 7813 
6 168 2106 
6 234 5260 
6 241 6859 
6 286 5121 
6 288 4622 
6 375 3288 
6 388 5056 
7 11 6417 
7 32 6883 
7 61 6726 
7 176 6573 
7 331 7116 
8 37 5869 
8 83 7399 
8 147 3823 
8 302 4756 
8 380 5563 
9 13 7921 
9 31 4037 
9 62 4233 
9 109 5117 
9 111 6237 
9 186 2130 
9 194 3700 
9 254 4552 
9 287 6932 
9 290 6811 
9 391 6983 
10 75 6139 
10 157 4827 
10 200 3707 
10 205 6062 
10 214 3867 
10 278 3382 
10 332 5616 
10 363 3740 
10 383 7170 
11 32 7004 
11 61 6538 
11 255 6581 
11 266 7312 
11 331 4463 
12 28 6762 
12 210 7130 
12 306 7156 
12 334 5054 
12 349 6299 
13 42 7287 
13 111 4163 
13 163 5940 
13 168 5700 
13 241 5355 
13 286 3738 
13 288 6535 
13 375 7134 
14 18 4840 
14 35 7944 
14 66 5251 
14 98 5550 
14 133 7715 
14 175 5436 
14 204 6952 
14 251 7898 
14 283 7158 
14 319 3382 
14 359 5547 
14 397 1471 
15 36 4012 
15 52 4187 
15 78 6926 
15 129 6538 
15 135 4274 
15 136 5278 
15 236 3958 
15 373 7866 
16 65 7982 
16 87 3768 
16 137 6535 
16 218 5865 
16 223 7131 
16 257 3032 
16 271 5855 
16 293 7265 
17 63 4246 
17 64 6592 
17 86 2353 
17 118 6059 
17 128 7590 
18 35 4915 
18 66 4735 
18 98 2457 
18 133 5271 
18 175 3143 
18 204 4330 
18 319 6460 
18 359 7141 
18 387 6911 
18 397 5453 
19 199 3788 
19 267 1930 
19 283 6753 
19 298 1923 
19 344 5993 
20 58 6262 
20 305 4206 
20 384 5199 
21 51 5506 
21 158 7324 
21 263 6074 
21 273 5903 
21 326 3679 
21 332 4439 
21 363 6271 
21 398 7422 
22 90 6216 
22 103 5195 
22 162 6685 
22 177 3771 
22 231 7093 
22 243 5495 
22 322 4408 
22 353 7603 
22 354 7959 
23 57 6250 
23 96 4618 
23 114 3157 
23 154 4362 
23 252 5959 
23 253 2982 
24 48 3212 
24 162 7852 
24 243 7457 
25 49 6871 
25 60 6920 
25 71 5155 
25 191 5462 
25 217 7741 
25 226 5974 
26 189 2601 
26 262 7579 
26 323 7480 
26 340 7244 
26 348 1369 
27 80 296 
27 121 6568 
27 192 6122 
27 233 3073 
27 260 819 
27 274 6530 
27 281 2426 
27 347 2371 
27 369 6515 
27 393 4403 
28 113 3046 
28 138 4386 
28 145 7808 
28 148 7283 
28 306 7797 
28 355 7077 
28 394 7981 
29 84 4050 
29 155 5034 
29 187 4354 
29 197 6276 
29 230 5823 
29 231 6145 
29 237 2647 
29 378 5888 
30 46 7691 
30 133 6648 
30 204 7585 
30 277 6783 
30 365 4193 
30 385 3368 
31 62 5503 
31 109 1875 
31 186 2455 
31 194 427 
31 254 5243 
31 287 6994 
31 290 4984 
32 61 481 
32 238 1892 
32 240 5083 
32 255 2079 
32 331 3082 
33 120 4512 
33 127 6268 
33 147 6572 
33 232 7267 
33 291 2763 
33 302 6781 
33 358 4403 
34 44 7575 
34 70 7232 
34 97 7906 
34 213 7760 
34 372 4475 
35 66 3506 
35 98 7248 
35 105 6395 
35 175 2510 
35 199 7806 
35 232 7845 
35 302 6989 
35 387 2571 
35 397 7597 
36 52 6073 
36 78 3132 
36 129 4534 
36 135 4128 
36 136 3047 
36 236 6086 
36 270 5995 
36 343 6358 
36 373 5327 
36 395 5145 
37 83 1737 
37 224 4813 
37 380 5019 
37 384 6278 
38 73 5281 
38 180 3705 
38 211 6954 
38 229 3005 
38 250 4963 
38 304 4072 
39 85 3749 
39 118 7990 
39 119 6961 
39 140 7308 
39 172 1424 
39 219 7142 
39 246 7369 
39 366 7323 
40 130 7191 
40 144 5133 
40 160 3672 
40 261 6336 
40 330 4754 
41 58 3594 
41 83 6580 
41 146 4828 
41 179 2256 
41 209 1929 
41 216 6746 
41 224 3210 
41 317 5713 
41 384 4707 
42 48 6974 
42 79 4559 
42 102 6830 
42 111 6747 
42 139 6826 
42 165 2825 
42 168 7353 
42 234 6230 
42 286 4441 
42 300 7186 
42 375 6232 
42 388 5149 
43 55 3013 
43 125 1541 
43 203 3503 
43 276 1429 
43 307 6482 
43 320 4925 
43 325 6434 
43 367 6248 
44 51 3202 
44 70 429 
44 72 6863 
44 183 7263 
44 247 7129 
45 46 1745 
45 53 2792 
45 222 1064 
45 251 5767 
45 277 1869 
45 321 5803 
45 342 7772 
46 53 4517 
46 222 2663 
46 251 4093 
46 277 1503 
46 321 5114 
46 359 6582 
47 113 7835 
47 306 1594 
47 334 7813 
47 355 3387 
47 364 3632 
47 368 3330 
48 111 5892 
48 286 6150 
49 60 1098 
49 71 5450 
49 161 6851 
49 191 1479 
49 329 6933 
49 376 7890 
50 62 6366 
50 90 7106 
50 162 6673 
50 254 6372 
50 287 4693 
50 290 7826 
50 336 2109 
50 361 2667 
50 391 3497 
51 70 3569 
51 247 5843 
51 273 5418 
52 74 5712 
52 135 2608 
52 236 366 
52 270 7956 
52 371 5271 
52 382 7302 
53 151 7984 
53 222 1909 
53 277 4062 
53 321 7960 
53 342 5249 
53 362 6547 
54 79 7946 
54 100 2889 
54 139 3531 
54 168 3312 
54 234 3453 
54 288 5066 
54 337 5220 
54 375 2743 
54 388 4398 
55 125 4523 
55 130 6505 
55 203 6483 
55 276 4001 
55 307 5178 
55 320 7936 
55 325 4586 
55 346 7077 
55 367 3444 
56 67 3773 
56 94 1676 
56 102 7637 
56 176 7500 
56 296 2429 
56 300 4553 
57 88 6861 
57 96 3525 
57 124 5382 
57 154 2088 
57 155 7211 
57 187 7763 
57 190 6748 
57 197 6972 
57 253 6162 
57 275 6912 
57 339 7434 
57 353 7664 
58 83 7752 
58 146 6146 
58 179 5605 
58 209 5155 
58 224 5391 
58 384 3709 
59 99 7378 
59 101 2444 
59 129 6506 
59 136 7078 
59 151 7302 
59 285 3712 
59 303 4043 
59 335 5816 
59 373 7541 
60 71 6284 
60 161 6767 
60 191 2039 
60 329 7817 
60 376 6833 
61 238 2356 
61 240 5189 
61 255 1853 
61 331 2615 
62 109 7328 
62 186 3398 
62 194 5490 
62 254 719 
62 287 2841 
62 290 4263 
62 336 7799 
62 361 5751 
62 391 3063 
63 64 4916 
63 86 6598 
63 128 5353 
63 201 6250 
63 280 7334 
64 85 7930 
64 280 5113 
65 87 7473 
65 99 5893 
65 256 6210 
65 293 6748 
66 98 7092 
66 105 7289 
66 175 1935 
66 199 6048 
66 387 3413 
66 397 4475 
67 94 2233 
67 102 7700 
67 128 7035 
67 296 1364 
67 300 5461 
68 188 3836 
68 212 4219 
68 292 6224 
69 84 4303 
69 93 7352 
69 155 7862 
69 187 7923 
69 197 6982 
69 378 5138 
70 72 6700 
70 183 7343 
70 247 7532 
71 107 7956 
71 191 4271 
71 193 7214 
71 226 4949 
71 301 7630 
71 392 5514 
72 134 5751 
72 183 4029 
72 297 4006 
73 74 4521 
73 76 7868 
73 131 7376 
73 229 2527 
73 245 7222 
73 250 511 
73 371 7762 
73 382 7865 
74 135 7099 
74 229 5641 
74 235 7312 
74 236 5931 
74 250 4392 
74 371 5189 
74 382 5019 
75 157 1526 
75 200 4929 
75 205 193 
75 214 2824 
75 220 4475 
75 252 6849 
75 278 3395 
75 383 5183 
76 131 3216 
76 202 6877 
76 235 5391 
76 268 7742 
76 350 6371 
76 382 7710 
77 159 2724 
77 163 7892 
77 181 3953 
77 184 3480 
77 227 3386 
77 269 6293 
78 129 3574 
78 135 6937 
78 136 2881 
78 221 7756 
78 270 6408 
78 301 5140 
78 343 5795 
78 373 3414 
78 392 7622 
78 395 2029 
79 102 2803 
79 139 4572 
79 165 2278 
79 234 4493 
79 300 4910 
79 337 7855 
79 375 6034 
79 388 3650 
80 121 6278 
80 192 6289 
80 233 3167 
80 260 849 
80 274 6242 
80 281 2332 
80 347 2076 
80 369 6567 
80 393 4699 
81 104 3611 
81 116 4515 
81 178 4285 
81 217 7677 
81 314 5793 
81 338 2382 
82 106 5772 
82 170 7143 
82 244 4256 
83 179 7938 
83 209 7948 
83 224 3462 
83 380 6595 
83 384 4551 
84 155 5842 
84 187 5516 
84 197 5988 
84 237 4137 
84 378 4496 
85 118 6547 
85 172 4557 
86 102 6435 
86 118 5101 
87 143 5993 
87 218 5304 
87 223 7897 
87 257 6793 
87 271 3578 
87 360 6519 
88 103 3094 
88 124 4071 
88 155 7459 
88 187 7406 
88 190 742 
88 231 6805 
88 275 5328 
88 322 4278 
88 353 1773 
89 117 6445 
89 166 296 
89 183 7799 
89 207 7722 
89 297 5040 
90 162 6968 
90 177 2445 
90 336 6615 
90 354 2457 
91 274 7745 
91 400 4145 
92 108 7503 
92 208 3481 
92 210 4428 
92 304 7179 
92 311 5505 
92 349 7637 
93 142 5773 
94 102 7939 
94 296 882 
94 300 5091 
95 167 4380 
95 174 6887 
95 318 6124 
96 114 7705 
96 124 6467 
96 154 3342 
96 253 3053 
96 275 7280 
96 339 5582 
97 164 4958 
97 185 4885 
97 200 5387 
97 278 7087 
97 383 5082 
98 133 2840 
98 175 5598 
98 204 1896 
98 251 7870 
98 319 5752 
98 359 5578 
98 380 7308 
98 385 7202 
98 397 6644 
99 129 7679 
99 256 3849 
99 285 4274 
99 293 4955 
99 373 7273 
100 139 6308 
100 168 4974 
100 188 6068 
100 234 6324 
100 288 4634 
100 337 6456 
100 375 5445 
100 388 7287 
101 151 6592 
101 285 5765 
101 303 2149 
101 321 7668 
101 335 3767 
102 139 6685 
102 165 4039 
102 234 6842 
102 296 7651 
102 300 3121 
102 388 6213 
103 124 5990 
103 190 3133 
103 231 6196 
103 275 6460 
103 322 2190 
103 353 2499 
104 116 6171 
104 178 1144 
104 217 7991 
104 314 2544 
104 338 1886 
104 374 6838 
105 123 2436 
105 199 5252 
105 232 6203 
105 344 5327 
105 387 4169 
106 244 4426 
106 366 7297 
107 193 1202 
107 221 2889 
107 226 3088 
107 256 7903 
107 301 5859 
108 208 4082 
108 248 5148 
108 258 6904 
108 264 7324 
108 265 4638 
108 304 5944 
108 309 2989 
108 324 3552 
108 328 7602 
108 371 7568 
109 186 4088 
109 194 1839 
109 254 7104 
109 290 6644 
109 357 7519 
110 247 5763 
110 289 3535 
111 286 2482 
112 115 7376 
112 225 6594 
112 228 7546 
112 240 7508 
112 255 7742 
112 266 2767 
112 310 4491 
112 331 7654 
113 138 6451 
113 148 5024 
113 306 6424 
113 355 4843 
113 394 5517 
114 154 6560 
114 252 5930 
114 253 5996 
115 143 3054 
115 215 2610 
115 225 6459 
115 271 6168 
115 310 6548 
115 360 6472 
115 386 2154 
116 178 5933 
116 282 5822 
116 313 7843 
116 338 6233 
117 166 6150 
117 183 7967 
117 207 2375 
117 289 5515 
117 297 6880 
118 140 7715 
118 172 7425 
118 337 7630 
119 132 2611 
119 140 5968 
119 172 6099 
119 195 2690 
119 212 6343 
119 219 4970 
119 246 7808 
119 279 7355 
119 292 4091 
120 127 4299 
120 147 4419 
120 232 3017 
120 291 6673 
120 302 3617 
120 358 6485 
121 260 6718 
121 274 2847 
121 281 6588 
121 347 4217 
121 400 5679 
122 196 7361 
122 329 3173 
122 343 7584 
122 392 7434 
122 396 4977 
123 141 7702 
123 199 5186 
123 232 7842 
123 267 7357 
123 344 3311 
123 356 7638 
123 387 6308 
124 154 7362 
124 190 3423 
124 275 1812 
124 322 7896 
124 339 5241 
124 353 3500 
125 174 6694 
125 203 2222 
125 276 1053 
125 307 7762 
125 318 7196 
125 320 3480 
125 325 7844 
125 367 7789 
126 146 6970 
126 216 4478 
126 317 7759 
126 333 3847 
127 141 7032 
127 185 6381 
127 232 3737 
127 302 7756 
127 358 4817 
128 201 6403 
128 228 7510 
129 136 1507 
129 256 6260 
129 285 4531 
129 301 7606 
129 373 1464 
129 395 4528 
130 144 7046 
130 152 4852 
130 160 7964 
130 171 6254 
130 242 4525 
130 367 7400 
131 245 5065 
131 250 7877 
131 268 4573 
132 140 7773 
132 195 914 
132 212 5510 
132 219 5817 
132 279 7592 
132 292 3235 
133 204 944 
133 251 6965 
133 319 6683 
133 359 5378 
133 365 5911 
133 380 6236 
133 385 4454 
134 153 7865 
134 297 7602 
134 379 7782 
134 389 6846 
135 136 7060 
135 196 6323 
135 236 2825 
135 270 5488 
135 343 6955 
135 371 7840 
135 382 6788 
136 256 7706 
136 285 5767 
136 301 7672 
136 373 2612 
136 395 4438 
137 223 7853 
137 257 3757 
137 283 3269 
138 145 4481 
139 165 6209 
139 168 5050 
139 234 776 
139 337 4424 
139 375 2798 
139 388 1688 
140 172 5884 
140 195 7170 
140 212 6666 
140 292 6172 
140 337 5740 
141 164 3517 
141 220 7451 
141 383 6328 
142 158 4440 
142 263 5390 
142 326 7037 
143 215 4911 
143 218 5178 
143 223 7955 
143 271 3243 
143 360 3615 
143 386 4609 
143 390 5531 
144 152 4677 
144 261 3538 
146 179 3918 
146 209 3667 
146 216 2589 
146 224 7951 
146 317 5632 
147 232 6360 
147 291 7104 
147 302 1476 
148 355 7920 
148 394 905 
149 198 4959 
149 282 6428 
149 295 5181 
149 299 2032 
150 161 6663 
150 169 3367 
150 259 2790 
150 308 6027 
150 345 6483 
151 258 4480 
151 265 6980 
151 284 2422 
151 303 4759 
151 328 3755 
151 342 4446 
152 171 5877 
152 242 4221 
152 345 7576 
153 213 6787 
153 315 1852 
153 379 1796 
153 389 1349 
154 155 7895 
154 197 7192 
154 253 5030 
155 187 715 
155 197 1731 
155 237 7478 
155 378 2905 
157 164 7741 
157 200 3437 
157 205 1547 
157 214 2304 
157 220 5411 
157 278 1870 
157 383 4390 
158 263 1269 
158 326 4927 
158 398 6769 
159 181 4051 
159 184 3756 
159 206 6516 
159 227 5907 
159 269 5293 
160 323 5831 
160 330 2220 
161 171 7005 
161 259 4111 
161 329 6889 
161 345 4707 
162 177 6165 
162 243 5418 
162 391 7644 
163 181 4068 
163 184 4490 
163 227 7310 
163 241 1281 
163 269 3572 
163 288 6469 
164 185 6387 
164 200 6589 
164 220 7053 
164 278 7511 
164 383 3400 
165 234 5887 
165 286 7265 
165 300 4600 
165 375 6827 
165 388 4829 
166 183 7666 
166 207 7446 
166 297 4934 
167 262 4668 
167 323 6245 
168 234 4456 
168 241 7263 
168 286 7204 
168 288 3409 
168 375 2326 
168 388 4713 
169 259 6070 
169 308 2810 
169 345 7817 
170 182 3164 
170 244 5782 
170 249 7939 
170 312 1027 
170 313 6876 
170 341 6103 
170 381 7336 
171 242 1921 
171 345 5139 
171 367 6386 
172 219 7263 
173 350 2644 
174 203 5327 
174 276 7217 
174 318 889 
174 320 3828 
175 199 7793 
175 204 7473 
175 387 3857 
175 397 5171 
177 231 7811 
177 243 7961 
177 322 7080 
177 354 4393 
178 295 7583 
178 314 2983 
178 338 2968 
178 374 7737 
179 209 488 
179 216 5085 
179 224 4499 
179 317 3522 
179 384 6899 
180 211 3674 
180 229 6498 
180 245 7852 
180 304 5783 
180 311 5894 
180 327 7996 
181 184 480 
181 206 7919 
181 227 4646 
181 241 4800 
181 269 2708 
182 249 7349 
182 294 7079 
182 312 2881 
182 341 4827 
182 381 4554 
183 247 7237 
183 297 2817 
184 227 4267 
184 241 5262 
184 269 3135 
185 213 7438 
185 358 4873 
186 194 2289 
186 254 3376 
186 287 5579 
186 290 4798 
186 391 6458 
187 197 2359 
187 231 7592 
187 237 6844 
187 378 3205 
188 206 6349 
188 212 6517 
189 262 5266 
189 323 4905 
189 330 6243 
189 340 6423 
189 348 3577 
190 231 7466 
190 275 4599 
190 322 4646 
190 353 1212 
191 329 7684 
191 376 7999 
192 260 6854 
192 264 7338 
192 334 6391 
192 347 7517 
192 349 5624 
192 352 7321 
192 393 5193 
193 221 2714 
193 226 2668 
193 301 4719 
193 392 7216 
193 395 7155 
194 254 5284 
194 287 7141 
194 290 5289 
195 212 4616 
195 219 6573 
195 292 2323 
196 202 4799 
196 235 6044 
196 270 2568 
196 343 4066 
196 382 4777 
196 396 5344 
197 378 1861 
198 295 6986 
198 299 3824 
199 267 4051 
199 298 4935 
199 344 4398 
199 387 5424 
200 205 4975 
200 214 4520 
200 220 7717 
200 278 1759 
200 363 7121 
200 383 3544 
201 225 6720 
201 228 4399 
201 280 6224 
201 310 7770 
202 235 1797 
202 270 7367 
202 382 3625 
203 276 3232 
203 318 6019 
203 320 1562 
204 251 7170 
204 319 6262 
204 359 5295 
204 365 6738 
204 380 6459 
204 385 5352 
205 214 2675 
205 220 4638 
205 252 6782 
205 278 3403 
205 383 5340 
206 269 6346 
207 289 6677 
208 210 7749 
208 248 6333 
208 264 7392 
208 304 5026 
208 309 6562 
208 311 7046 
208 324 7015 
209 216 5076 
209 224 4488 
209 317 3967 
209 384 6628 
210 311 7774 
210 349 4813 
211 304 7192 
211 311 3142 
211 327 4780 
212 292 2348 
213 372 4528 
213 379 5150 
213 389 7861 
214 220 7293 
214 278 2809 
214 363 7165 
214 383 6542 
215 225 6875 
215 271 7405 
215 310 7735 
215 386 479 
216 317 4999 
216 333 6715 
217 314 7422 
217 338 6539 
217 346 7242 
217 374 4016 
217 376 6876 
218 223 3043 
218 257 7556 
218 271 2674 
218 360 2454 
218 390 3105 
219 246 3113 
219 279 2606 
219 316 5310 
219 351 4320 
219 366 5086 
220 252 7361 
220 278 6914 
220 383 5519 
221 226 5378 
221 256 5326 
221 301 4720 
221 373 6745 
221 395 5893 
222 251 6750 
222 277 2193 
222 321 6812 
222 342 7101 
222 362 7914 
223 257 7630 
223 271 5717 
223 360 4535 
223 390 3534 
223 399 6969 
224 317 6969 
224 384 3818 
225 228 2713 
225 266 6570 
225 310 2196 
225 386 6603 
226 301 5888 
226 392 6817 
227 269 7344 
227 272 6846 
228 266 6452 
228 310 3371 
229 245 7954 
229 250 2102 
229 304 5934 
229 371 6971 
230 231 3223 
230 237 6097 
230 322 7275 
231 237 7620 
231 322 4192 
231 353 7827 
232 302 5040 
232 358 7883 
232 387 7555 
233 260 2323 
233 274 7332 
233 281 1877 
233 347 4516 
233 369 3484 
233 393 4660 
234 288 7566 
234 337 5156 
234 375 2146 
234 388 1107 
235 382 3111 
236 371 5152 
236 382 7662 
237 378 7648 
238 240 4539 
238 255 3193 
238 331 4817 
238 377 7134 
239 247 6674 
239 273 3788 
239 398 3805 
240 255 3873 
240 331 5827 
240 377 4312 
240 399 5941 
241 269 3508 
241 288 5197 
242 345 6122 
242 367 6776 
244 312 6540 
245 250 7546 
245 268 1156 
246 279 2901 
246 316 3081 
246 351 3263 
246 366 2100 
247 273 5706 
248 264 2474 
248 265 5263 
248 309 3947 
248 324 3800 
248 352 5529 
248 362 6748 
249 294 1094 
249 312 6913 
249 313 4316 
249 341 2676 
249 381 5979 
250 371 7335 
251 277 5188 
251 319 4556 
251 321 4398 
251 359 2559 
252 253 6235 
253 339 7367 
254 287 2382 
254 290 3548 
254 336 7639 
254 361 5456 
254 391 3290 
255 266 7760 
255 331 2118 
255 377 7928 
256 285 5467 
256 373 5198 
256 395 7387 
257 283 6867 
257 293 6558 
258 265 2882 
258 284 2081 
258 309 4693 
258 324 4504 
258 328 812 
258 342 4704 
258 371 7509 
259 329 6153 
259 345 5649 
260 274 6324 
260 281 1660 
260 347 2522 
260 369 5720 
260 393 4551 
262 323 3770 
262 330 7755 
262 340 4975 
263 326 3971 
263 398 6116 
264 265 7651 
264 309 6422 
264 324 6256 
264 349 7745 
264 352 4293 
264 362 6451 
264 393 7842 
265 284 4606 
265 309 1913 
265 324 1631 
265 328 3337 
265 342 5258 
266 310 4429 
266 331 6918 
267 298 1067 
267 344 4584 
267 356 7779 
269 288 6263 
270 301 7967 
270 343 1916 
270 382 6806 
270 392 6798 
270 395 7131 
270 396 4452 
271 360 2987 
271 386 7243 
271 390 4788 
272 357 4355 
273 398 4087 
274 281 5498 
274 347 4358 
274 400 3745 
275 339 4423 
275 353 4201 
276 307 7908 
276 318 7618 
276 320 4347 
276 325 7824 
276 367 7403 
277 321 6611 
277 359 7514 
278 363 7114 
278 383 4151 
279 316 3296 
279 351 1837 
279 366 4882 
281 347 2880 
281 369 4597 
281 393 5781 
282 313 7197 
283 397 6028 
284 303 7179 
284 309 6513 
284 324 6217 
284 328 1333 
284 342 3777 
285 303 7684 
285 335 7995 
285 373 4927 
286 375 7508 
286 388 7866 
287 290 3265 
287 336 5528 
287 361 3172 
287 391 2854 
288 375 5580 
290 361 5729 
290 391 5956 
291 302 7836 
291 317 6175 
291 358 6654 
294 312 7085 
294 313 5327 
294 341 2252 
294 381 5100 
295 299 3897 
295 314 7978 
296 300 5004 
298 344 5584 
301 343 6247 
301 373 6483 
301 392 4025 
301 395 3239 
301 396 6687 
303 321 7275 
303 335 4619 
303 342 7930 
304 311 6599 
305 384 7071 
306 334 7513 
306 355 2561 
306 364 5217 
306 368 4342 
307 325 1235 
307 346 1910 
307 367 3928 
307 376 4716 
309 324 577 
309 328 5225 
309 342 6859 
310 386 7362 
311 327 6106 
312 313 6073 
312 341 5108 
312 381 6621 
313 341 5425 
314 338 3495 
314 374 5074 
315 333 6843 
315 379 3516 
315 389 2339 
316 351 1797 
316 366 3664 
317 333 7385 
318 320 4576 
319 321 6805 
319 359 2461 
319 397 4724 
321 335 4665 
321 359 6184 
322 353 4433 
323 330 4094 
324 328 4965 
324 342 6338 
325 346 2712 
325 367 2742 
325 376 4642 
326 332 4389 
326 363 5285 
328 342 4050 
329 396 6966 
332 363 1953 
334 349 5615 
334 368 6001 
336 354 7366 
336 361 2490 
336 391 5277 
337 375 6604 
337 388 6090 
338 374 6289 
341 381 3654 
342 362 6539 
343 392 4904 
343 395 5986 
343 396 3062 
344 356 5389 
346 367 5379 
346 376 3434 
347 369 7468 
347 393 6765 
351 366 4695 
352 362 2853 
352 393 4839 
355 364 6255 
355 368 6666 
355 394 7860 
356 370 6192 
359 397 6987 
360 390 2021 
361 391 3918 
362 393 6536 
364 368 3917 
365 380 5095 
365 385 1772 
367 376 6268 
369 393 7323 
372 379 6913 
373 395 3669 
375 388 2440 
377 390 7423 
377 399 1896 
379 389 2712 
380 385 5623 
387 397 7871 
390 399 6499 
392 395 6363 
392 396 3459 
395 396 7795 
