1 
400 1426 55 389451
19 
30 
31 
36 
42 
49 
63 
76 
77 
83 
90 
94 
103 
107 
119 
125 
136 
152 
156 
164 
170 
171 
175 
180 
188 
191 
195 
198 
200 
201 
205 
207 
225 
239 
248 
263 
264 
266 
271 
274 
283 
286 
292 
333 
347 
348 
356 
360 
362 
363 
366 
370 
371 
387 
389 
1744 
3245 
13684 
10083 
5077 
14965 
4595 
9983 
139 
14807 
957 
5435 
10885 
11972 
809 
11206 
14133 
9535 
4587 
2625 
2493 
13921 
12599 
1100 
11329 
7647 
2486 
9796 
7395 
4313 
10794 
3695 
8160 
4365 
4254 
5629 
8746 
13111 
14800 
3958 
7991 
13156 
4172 
13597 
9607 
10704 
13253 
3833 
10280 
11364 
7478 
14027 
2033 
7081 
3446 
1 20 4590 
1 65 1448 
1 79 1149 
1 365 6558 
1 375 6078 
2 4 4188 
2 23 3825 
2 34 6566 
2 44 5494 
2 89 6863 
2 140 6345 
2 156 6242 
2 246 4935 
2 319 7996 
3 52 4306 
3 80 2572 
3 108 6834 
3 167 7146 
4 23 7956 
4 34 2858 
4 44 1687 
4 48 5205 
4 140 6623 
4 246 808 
4 319 5331 
4 400 7158 
5 26 6316 
5 118 7311 
5 175 5057 
5 226 6125 
5 236 5512 
5 296 4272 
5 321 1862 
5 376 7630 
5 388 3552 
6 13 5544 
6 40 3504 
6 54 6833 
6 97 4929 
6 134 1671 
6 144 3113 
6 203 5014 
6 209 6216 
6 274 7863 
6 364 6452 
6 391 4011 
7 86 3885 
7 87 7946 
7 105 4473 
7 141 6537 
7 153 6866 
7 179 7919 
7 277 6760 
7 304 62 
7 314 6020 
7 315 7218 
7 352 4526 
7 355 1969 
7 363 4185 
8 26 5613 
8 28 7537 
8 45 6706 
8 118 7361 
8 200 7458 
8 297 7564 
8 308 7212 
8 376 4872 
9 69 3637 
9 154 7559 
9 225 4678 
9 326 5412 
9 333 3288 
10 125 7306 
10 349 6367 
10 371 5181 
11 24 3933 
11 37 6049 
11 337 2553 
11 341 4080 
12 42 4407 
12 103 3160 
12 116 6640 
12 221 2223 
12 241 7853 
12 295 7090 
12 299 6394 
12 379 7952 
13 97 851 
13 120 7327 
13 134 4318 
13 145 3026 
13 203 7271 
13 209 1380 
13 235 6743 
13 281 3942 
13 312 6599 
13 378 5673 
14 36 1640 
14 90 5517 
14 159 7728 
14 211 1280 
14 305 3522 
14 333 6418 
14 342 1078 
15 32 3620 
15 85 6577 
15 202 3837 
15 215 7812 
15 272 3415 
15 293 7482 
15 330 6300 
16 75 2098 
16 82 3383 
16 128 7280 
16 160 7076 
16 197 7330 
16 200 3774 
16 297 6676 
16 298 6097 
16 317 3404 
17 56 5375 
17 88 1002 
17 161 5784 
17 262 7957 
17 291 7644 
17 292 3466 
17 344 3752 
17 360 7474 
18 31 6716 
18 43 5623 
18 81 7933 
18 91 7330 
18 121 4222 
18 187 5108 
18 218 4196 
18 231 4724 
18 243 5078 
18 328 7190 
19 35 6409 
19 113 6471 
19 205 561 
19 255 5402 
19 258 4216 
19 276 3067 
20 65 5454 
20 79 5505 
20 392 7474 
21 56 6211 
21 154 4069 
21 207 5391 
21 225 7275 
21 301 4734 
22 60 6966 
22 204 1865 
22 219 7134 
22 256 5889 
22 266 4735 
22 287 3811 
22 354 7708 
22 364 5885 
22 394 1357 
23 89 5846 
23 156 3830 
24 217 6391 
24 337 6264 
24 341 1137 
25 50 4566 
25 117 6423 
25 178 7778 
25 230 5944 
25 343 2923 
25 373 7431 
26 28 3496 
26 274 6710 
26 308 7180 
26 321 4575 
26 335 7879 
26 376 1335 
27 33 3627 
27 37 5205 
27 136 2558 
27 143 5940 
27 220 1575 
27 260 2209 
27 357 7458 
28 53 5857 
28 54 7212 
28 274 3221 
28 308 5151 
28 321 7177 
28 335 6669 
28 376 3033 
28 391 7008 
29 132 4659 
29 166 5384 
29 181 1587 
29 368 4495 
29 398 6742 
30 62 1355 
30 107 5427 
30 110 7800 
30 158 4858 
30 252 7672 
30 399 7743 
31 43 3698 
31 121 2868 
31 218 3877 
31 243 7617 
32 202 7226 
32 224 6757 
32 272 241 
32 330 3735 
33 37 5498 
33 136 5886 
33 143 6259 
33 220 2180 
33 260 2489 
34 44 3307 
34 48 5116 
34 138 6676 
34 140 6204 
34 246 2109 
34 306 7269 
34 319 6844 
34 400 5014 
35 46 2709 
35 113 7706 
35 205 6484 
35 255 2076 
35 276 5543 
36 90 6982 
36 151 7682 
36 159 6200 
36 211 2702 
36 305 2551 
36 333 6722 
36 342 1430 
37 136 7386 
37 220 5500 
37 260 3538 
37 337 3736 
38 91 1426 
38 174 4991 
38 189 2328 
38 231 4704 
39 51 5649 
39 72 6286 
39 104 4789 
39 142 6644 
39 365 5084 
39 375 5621 
40 53 7213 
40 134 4433 
40 144 918 
40 203 7540 
40 266 7049 
40 274 6919 
40 354 5150 
40 364 4871 
40 391 5382 
41 99 5851 
41 116 6860 
41 130 5981 
41 294 5505 
41 387 4465 
42 103 4827 
42 116 5760 
42 130 7866 
42 221 5520 
42 295 2838 
43 81 5654 
43 121 4255 
43 218 5455 
43 247 6952 
43 309 6682 
44 48 3628 
44 77 6895 
44 138 7933 
44 246 1612 
44 319 3791 
45 54 5161 
45 78 6235 
45 203 6828 
45 223 4909 
45 239 4135 
45 308 5174 
46 255 3137 
46 389 7197 
46 395 5622 
47 55 6272 
47 57 7505 
47 106 5580 
47 133 6093 
47 141 5617 
47 170 1324 
47 186 7227 
47 199 2686 
47 284 1078 
47 285 2425 
47 352 7576 
47 363 6853 
47 366 5435 
48 77 3286 
48 138 5594 
48 246 4767 
48 316 5696 
48 319 3383 
49 96 6400 
49 124 6638 
49 300 7102 
49 374 5432 
49 390 2267 
50 117 7293 
50 156 5409 
50 178 5324 
50 343 3726 
51 104 6029 
51 142 5525 
51 155 5719 
51 182 4468 
51 303 6319 
51 307 3496 
51 359 6768 
51 365 7355 
51 375 7719 
52 80 3364 
52 108 4391 
52 122 7235 
52 146 7005 
52 167 7199 
52 168 5395 
52 171 6428 
52 237 6064 
52 340 6686 
53 164 3933 
53 274 3888 
53 335 4306 
53 354 5567 
53 361 4361 
53 391 7859 
54 203 2082 
54 223 6015 
54 235 7730 
54 239 6946 
54 274 6514 
54 308 2319 
54 378 7284 
54 391 3479 
55 57 2154 
55 131 6731 
55 141 6040 
55 170 6874 
55 179 7376 
55 186 7788 
55 199 3586 
55 259 3942 
55 284 5590 
55 285 6010 
55 332 6431 
55 366 1181 
55 370 6294 
56 88 4377 
56 206 5261 
56 262 5660 
56 283 5329 
56 291 5359 
56 292 6814 
56 344 6105 
57 131 5704 
57 170 7778 
57 185 7854 
57 186 6839 
57 199 4935 
57 259 2194 
57 284 7058 
57 285 6544 
57 332 7157 
57 366 3279 
57 370 4211 
58 250 1602 
58 256 4952 
58 287 6998 
59 85 4308 
59 89 6801 
59 140 7869 
59 184 3504 
59 238 5089 
59 329 6942 
60 77 7398 
60 256 4098 
60 266 4044 
60 316 7433 
60 354 5934 
60 361 6882 
60 394 5609 
61 135 3271 
61 148 2736 
61 155 6878 
61 177 7432 
61 227 2357 
61 303 6775 
61 310 3730 
61 320 7170 
61 369 2921 
61 392 6033 
62 107 5252 
62 158 4388 
63 102 3409 
63 143 7440 
63 157 5711 
63 190 4513 
63 275 6236 
63 302 4591 
63 322 6484 
63 348 6905 
63 367 6579 
64 101 5361 
64 132 3883 
64 150 6762 
64 166 6824 
64 228 7320 
64 325 5684 
64 346 6140 
64 350 5701 
64 368 3999 
65 79 519 
65 365 5156 
65 375 4695 
66 125 7465 
66 194 4165 
66 216 5732 
66 217 7962 
66 269 1091 
66 371 6164 
67 128 4350 
67 189 6753 
67 249 4974 
67 298 5831 
67 384 6498 
68 175 7746 
68 188 7539 
68 226 4726 
68 267 5919 
68 270 7979 
68 296 7047 
68 336 6574 
69 86 7866 
69 105 7813 
69 153 6813 
69 326 1783 
69 333 6493 
70 93 7727 
70 187 6760 
70 218 6982 
70 243 5316 
70 318 2407 
71 112 1771 
71 131 6616 
71 268 6377 
72 104 2412 
72 142 4137 
72 247 5361 
72 278 3224 
73 139 7534 
73 151 6076 
73 191 3521 
73 207 4182 
73 213 6458 
73 248 5046 
73 290 1403 
73 301 4080 
74 94 5148 
74 98 2244 
74 194 7860 
74 201 5278 
74 217 6946 
74 232 3687 
74 362 5306 
74 380 4878 
74 382 2345 
75 82 4426 
75 160 7118 
75 200 1788 
75 297 4976 
75 298 7409 
75 317 5485 
76 198 3551 
76 214 7293 
77 138 5524 
77 250 7379 
77 256 7707 
77 316 3990 
77 319 5325 
78 111 3454 
78 160 4899 
78 162 4469 
78 210 4247 
78 223 6259 
78 239 4372 
78 286 3481 
79 365 5615 
79 375 5167 
80 100 7359 
80 108 7301 
80 146 7934 
80 168 6983 
81 91 7395 
81 174 4561 
81 189 7548 
81 247 6872 
81 309 1029 
81 359 7449 
81 384 7101 
82 128 3958 
82 200 6140 
82 297 6664 
82 298 2996 
82 317 3670 
83 134 7786 
83 204 6922 
83 214 4354 
83 219 1514 
83 331 824 
83 364 5057 
84 143 7485 
84 190 7158 
84 195 7068 
84 275 4842 
84 302 5930 
84 357 4433 
85 89 7867 
85 184 4304 
85 202 6386 
86 87 5255 
86 105 5162 
86 153 6912 
86 222 7783 
86 304 3893 
86 315 4283 
86 326 6089 
86 352 4431 
86 355 5838 
86 363 4940 
87 106 7257 
87 222 2543 
87 294 7936 
87 304 7987 
87 313 6385 
87 315 1029 
87 352 4490 
87 363 5479 
88 161 6723 
88 262 7223 
88 291 6901 
88 292 3825 
88 344 3658 
89 140 6681 
89 184 3754 
89 202 7328 
89 215 7542 
90 163 5960 
90 211 5338 
90 289 7660 
90 342 5629 
90 393 5321 
91 174 4294 
91 189 2612 
91 231 3953 
91 309 7318 
92 183 7175 
92 196 3015 
92 244 4400 
92 311 3897 
92 386 7980 
93 318 5366 
93 383 4306 
93 397 1848 
94 98 7014 
94 194 7272 
94 201 3137 
94 212 5013 
94 216 7058 
94 362 1454 
94 382 6268 
95 126 7386 
95 129 2884 
95 176 6492 
95 229 5958 
95 261 7733 
96 123 6485 
96 124 5600 
96 188 2340 
96 270 6242 
96 300 7021 
96 374 7198 
97 120 7570 
97 134 3583 
97 144 7292 
97 145 3439 
97 203 7233 
97 209 2175 
97 235 7435 
97 281 4632 
97 312 7258 
97 331 7332 
97 378 6340 
97 391 7965 
98 194 7623 
98 201 7516 
98 217 5007 
98 232 1520 
98 362 7410 
98 380 3131 
98 382 1278 
99 114 3562 
99 130 4786 
99 161 7932 
99 360 5271 
99 387 2043 
100 109 2025 
100 137 6935 
100 146 7482 
100 152 1244 
100 197 5892 
100 257 4146 
100 334 7438 
101 132 5592 
101 150 5986 
101 166 4545 
101 176 5862 
101 325 7771 
101 345 4071 
101 346 3746 
101 347 7754 
101 350 1732 
101 368 6489 
101 377 5403 
102 139 5600 
102 157 2373 
102 190 5726 
102 275 7998 
102 302 6798 
102 322 5079 
102 348 4090 
102 367 5425 
103 116 3780 
103 221 5378 
103 295 6584 
104 142 2516 
104 247 7089 
104 278 5527 
105 153 2398 
105 277 4829 
105 304 4415 
105 314 5538 
105 326 6413 
105 355 5552 
106 133 7248 
106 170 5238 
106 222 6463 
106 284 6366 
106 285 6719 
106 313 7614 
106 315 7925 
106 351 5270 
106 352 6094 
106 363 6130 
107 158 1324 
107 252 7306 
107 353 7586 
107 399 4073 
108 122 7281 
108 167 4163 
108 180 6870 
108 237 5419 
108 340 2711 
109 137 5010 
109 152 1782 
109 197 4460 
109 257 2295 
110 224 3842 
110 252 2536 
110 330 6290 
110 399 7066 
111 137 5918 
111 160 5025 
111 162 1228 
111 197 6942 
111 210 2975 
111 239 7311 
111 257 7439 
111 286 1031 
112 131 5545 
112 185 6816 
112 259 7894 
112 268 7947 
112 370 6583 
113 151 3671 
113 159 2639 
113 191 6871 
113 205 7023 
113 248 4707 
113 258 4548 
113 276 3564 
114 161 6162 
114 360 2010 
114 387 5533 
115 118 5077 
115 236 6236 
115 288 972 
115 297 5482 
115 358 1162 
116 294 6319 
116 295 5739 
116 313 6994 
117 178 4967 
117 230 6804 
117 339 5491 
117 343 4034 
117 373 2281 
118 236 2566 
118 288 4758 
118 297 5807 
118 321 7612 
118 358 4859 
119 172 6623 
119 195 5832 
119 240 6540 
119 253 3918 
119 349 7043 
120 145 4361 
120 198 5468 
120 209 7755 
120 214 7156 
120 281 4822 
120 312 4252 
120 395 4380 
121 187 6453 
121 218 1239 
121 243 4970 
122 135 7402 
122 146 6432 
122 148 7890 
122 168 4984 
122 171 2601 
122 237 1906 
122 310 7820 
122 340 6728 
122 369 7652 
123 188 7747 
123 306 7914 
123 400 6558 
124 188 5918 
124 244 7280 
124 270 6832 
124 300 1460 
124 338 7714 
124 374 2736 
124 381 5531 
124 390 7997 
125 136 6055 
125 269 6803 
125 357 7381 
125 371 2762 
126 129 7520 
126 208 3696 
126 261 813 
126 327 4994 
127 150 4286 
127 279 6641 
127 325 5424 
127 345 7853 
127 346 6471 
128 249 6370 
128 298 1506 
128 317 6157 
129 176 6572 
129 261 7567 
129 323 7465 
130 295 5044 
130 387 3135 
131 185 7831 
131 259 3735 
131 332 5336 
131 366 7765 
131 370 4587 
132 166 4014 
132 181 6232 
132 350 6905 
132 368 969 
133 170 4786 
133 186 3976 
133 199 7163 
133 284 7049 
133 285 4198 
133 351 5466 
134 144 3746 
134 145 6904 
134 203 6096 
134 209 5255 
134 219 7287 
134 331 7110 
134 364 5938 
134 391 5577 
135 148 1537 
135 177 7030 
135 227 5084 
135 310 1384 
135 320 7415 
135 369 1297 
136 143 5431 
136 220 3708 
136 260 4760 
136 357 5717 
137 152 6741 
137 160 7846 
137 162 4770 
137 197 5785 
137 210 7800 
137 229 6659 
137 257 4112 
137 286 5756 
138 316 2782 
138 336 4399 
139 157 5191 
139 190 7169 
139 207 7178 
139 213 7087 
139 290 6234 
139 322 3062 
139 348 7251 
140 184 7729 
140 238 4919 
140 246 6642 
140 306 3093 
140 400 4276 
141 170 6932 
141 179 3911 
141 199 4956 
141 284 4577 
141 285 7493 
141 304 6566 
141 314 7846 
141 352 7427 
141 355 4838 
141 363 6433 
141 366 4898 
141 385 7285 
142 247 6977 
142 278 6498 
142 307 7799 
142 309 7504 
142 359 5884 
143 220 5325 
143 260 7299 
143 275 7329 
143 302 6259 
143 357 3423 
144 203 7618 
144 219 7263 
144 266 7303 
144 274 7726 
144 331 7993 
144 354 5763 
144 364 4230 
144 391 5703 
145 209 3417 
145 281 1930 
145 312 4109 
145 331 7919 
145 378 7239 
145 395 6764 
146 168 1943 
146 171 3831 
146 237 7228 
146 334 2264 
147 165 5379 
147 215 7719 
147 293 6355 
148 227 4985 
148 310 2850 
148 320 5957 
148 369 291 
149 161 5102 
149 292 5901 
149 324 3673 
150 176 5791 
150 325 3541 
150 345 4624 
150 346 2382 
150 350 4391 
151 159 2490 
151 191 4203 
151 213 7909 
151 248 2236 
151 258 5353 
151 276 6627 
151 290 6856 
151 305 7430 
152 197 4772 
152 257 3348 
152 334 7655 
153 163 6778 
153 277 5451 
153 304 6808 
153 314 6799 
153 326 5863 
153 355 7898 
154 225 5205 
154 292 7554 
154 301 7847 
155 182 2352 
155 227 6991 
155 303 1241 
155 307 3907 
155 320 7799 
155 392 4845 
156 178 7726 
157 190 7812 
157 265 7103 
157 280 5763 
157 322 5990 
157 348 2279 
157 367 5050 
158 399 5370 
159 191 6656 
159 248 4554 
159 258 6387 
159 276 6199 
159 305 6763 
159 342 6940 
160 162 4802 
160 197 4340 
160 200 6778 
160 210 7746 
160 257 6380 
160 286 4039 
161 292 4697 
161 360 4642 
162 197 5964 
162 210 3968 
162 257 6259 
162 286 1098 
163 245 4627 
163 277 7479 
163 289 6479 
163 393 4352 
163 396 3821 
164 274 7652 
164 335 3151 
164 354 6743 
164 361 1961 
165 215 5618 
165 293 5584 
166 181 6712 
166 347 6022 
166 350 6277 
166 368 4883 
166 377 5022 
167 180 3108 
167 340 5561 
168 171 2531 
168 237 5460 
168 334 4187 
169 172 7390 
169 240 6505 
169 242 7124 
169 254 5575 
169 347 5201 
169 377 7536 
170 186 6300 
170 199 3388 
170 284 2361 
170 285 1629 
170 351 7428 
170 363 7711 
170 366 6203 
171 237 3660 
171 334 5616 
172 240 2315 
172 254 5223 
172 323 7846 
172 347 7424 
173 230 5514 
173 251 6444 
173 263 4229 
173 356 7101 
173 372 7031 
174 189 3235 
174 231 7634 
174 309 3970 
174 359 6471 
174 384 4671 
175 226 3868 
175 267 5707 
175 296 4863 
175 321 6648 
175 386 6423 
175 388 1908 
176 345 1917 
176 346 4404 
176 350 4648 
176 377 7400 
177 227 6509 
177 310 5698 
178 339 4439 
178 343 4969 
178 373 7212 
179 277 7830 
179 304 7918 
179 314 5904 
179 332 6503 
179 355 5955 
179 366 6599 
179 372 6502 
179 385 3792 
180 340 7369 
181 242 7664 
181 368 6005 
181 398 5936 
182 227 7736 
182 303 3549 
182 307 4349 
182 365 6471 
182 375 6532 
182 392 4202 
183 187 5652 
183 196 5949 
183 243 7583 
183 311 5957 
183 328 2342 
183 386 7134 
184 202 6541 
184 238 7187 
185 259 6580 
185 370 3976 
186 199 6744 
186 284 7775 
186 285 4806 
187 218 5391 
187 231 7065 
187 243 2043 
187 318 7706 
187 328 3665 
188 267 5720 
188 270 4040 
188 300 7366 
189 231 6562 
189 309 7117 
189 384 6485 
190 275 2327 
190 302 1902 
190 322 4235 
190 357 7907 
191 207 7637 
191 213 4154 
191 248 2198 
191 258 5186 
191 290 3463 
191 301 7577 
192 279 6273 
192 325 6834 
193 233 4320 
193 234 4916 
193 268 2919 
194 212 7405 
194 216 3583 
194 217 6376 
194 269 4412 
194 382 6366 
195 240 7947 
195 253 4180 
195 349 2320 
196 244 3612 
196 270 7966 
196 311 887 
196 386 4966 
197 257 2455 
197 286 6008 
197 317 7038 
198 214 5587 
199 259 7110 
199 284 2122 
199 285 2992 
199 366 2817 
200 297 4682 
200 317 7175 
201 212 7624 
201 362 1755 
201 382 7281 
202 215 4480 
202 272 6995 
202 293 4860 
203 209 6910 
203 223 6202 
203 235 6833 
203 239 7603 
203 274 7066 
203 308 4210 
203 378 6135 
203 391 2691 
204 219 5760 
204 256 7564 
204 266 6275 
204 271 6984 
204 287 3859 
204 331 7521 
204 364 5455 
204 394 3220 
205 253 7537 
205 255 5309 
205 258 4696 
205 276 3584 
206 262 2944 
206 265 5436 
206 280 6483 
206 283 609 
206 291 2966 
206 344 7759 
207 290 4385 
207 301 1726 
208 261 3218 
208 312 7371 
208 327 2218 
208 389 6650 
209 235 5396 
209 281 3602 
209 312 6214 
209 378 4351 
210 223 7506 
210 239 6300 
210 286 3982 
211 305 3811 
211 333 5524 
211 342 2340 
212 216 4776 
212 242 4171 
212 362 5948 
213 248 5673 
213 258 5662 
213 290 5463 
213 322 6056 
214 219 5846 
214 331 4469 
215 293 1783 
216 242 6468 
216 269 5225 
217 232 4443 
217 341 5374 
217 380 5744 
217 382 4627 
218 243 3778 
219 331 1829 
219 364 3623 
220 260 1973 
220 357 7528 
221 241 5632 
221 299 5308 
221 379 5768 
222 294 6119 
222 313 3861 
222 315 3563 
222 352 6134 
222 363 7023 
223 235 3718 
223 239 1939 
223 308 7684 
223 378 4274 
224 252 5873 
224 272 6969 
224 330 3029 
225 305 5938 
225 333 3657 
226 267 6193 
226 296 2764 
226 321 6833 
226 335 7885 
226 388 5014 
227 303 7301 
227 310 4958 
227 369 5121 
227 392 4471 
228 368 7733 
230 263 3623 
230 343 6778 
230 373 5770 
231 328 6568 
232 380 1900 
232 382 2490 
233 234 4612 
233 268 3765 
233 339 5144 
234 268 6810 
235 239 5442 
235 281 7005 
235 378 1127 
236 288 6296 
236 321 6360 
236 358 6464 
236 388 6652 
237 340 4873 
238 306 3354 
238 329 5715 
238 400 6291 
239 286 7669 
239 378 6138 
240 254 6327 
240 349 7004 
241 299 6078 
241 379 1599 
243 318 6784 
243 328 5700 
244 267 6931 
244 270 4956 
244 300 7542 
244 311 3717 
244 386 6391 
245 251 5608 
245 271 6089 
245 289 3245 
245 356 4662 
245 393 3397 
245 396 2202 
246 319 5404 
246 400 6690 
247 278 3024 
247 309 7282 
248 258 4126 
248 276 6604 
248 290 5417 
249 298 7171 
249 320 7129 
249 384 7240 
250 256 4659 
251 277 7602 
251 289 7932 
251 356 2466 
251 372 4811 
251 385 7369 
251 396 5289 
252 330 7616 
252 399 4665 
253 349 6351 
254 347 2355 
254 377 4328 
255 276 5610 
256 266 6175 
256 287 5993 
256 394 4825 
257 286 6714 
258 276 3676 
259 332 6660 
259 366 5122 
259 370 2613 
260 337 7085 
261 327 4267 
261 389 7887 
262 265 7463 
262 283 2348 
262 291 330 
262 344 5425 
263 372 5932 
264 282 2478 
264 353 6174 
265 280 1359 
265 283 5692 
265 291 7673 
265 348 5512 
265 367 7648 
266 354 3282 
266 361 7295 
266 364 6320 
266 394 3722 
267 270 3019 
267 386 6979 
267 388 7572 
268 339 6953 
269 371 5231 
270 300 7943 
270 311 7624 
270 386 7773 
271 287 5805 
271 289 3839 
271 356 5946 
271 393 6421 
272 330 3943 
273 299 4657 
274 308 5300 
274 335 6775 
274 376 6189 
274 391 4806 
275 302 1775 
275 322 6122 
275 357 6254 
277 304 6703 
277 314 1937 
277 355 6282 
277 372 6432 
277 385 5252 
277 396 6171 
279 325 6752 
280 283 6811 
280 348 4164 
280 367 6524 
281 312 2664 
281 378 6341 
281 395 5789 
282 353 6245 
282 390 7530 
283 291 2392 
283 344 7313 
284 285 3101 
284 352 7475 
284 363 6657 
284 366 4642 
285 366 5586 
287 394 4402 
288 297 4509 
288 358 230 
289 356 6098 
289 393 2597 
289 396 5400 
290 301 4805 
290 322 7667 
291 344 5188 
292 344 7218 
294 313 4219 
294 324 7970 
295 387 7890 
296 321 4396 
296 335 5971 
296 388 4960 
297 358 4327 
298 317 4663 
299 379 7383 
300 338 6312 
300 374 2117 
300 381 4130 
302 322 6134 
302 357 6042 
303 307 3819 
303 320 6664 
303 392 5839 
304 314 5973 
304 315 7255 
304 352 4585 
304 355 1973 
304 363 4247 
305 333 5047 
305 342 3880 
306 400 2957 
307 359 5972 
307 384 7837 
308 376 5915 
308 391 4358 
309 359 6437 
309 384 6086 
310 369 2646 
311 386 4083 
312 327 7168 
312 395 3264 
313 315 7384 
314 355 5037 
314 372 5673 
314 385 3717 
314 396 7779 
315 352 4261 
315 363 5253 
316 336 5954 
318 397 7168 
320 369 6141 
321 335 7467 
321 376 5907 
321 388 5337 
323 327 7666 
323 389 5888 
325 345 7878 
325 346 5212 
325 350 6668 
327 389 4433 
327 395 7056 
331 364 5023 
332 366 6756 
333 342 7394 
335 361 5058 
337 341 6582 
338 374 5702 
338 381 3926 
339 373 6853 
343 373 5693 
345 346 2731 
345 350 2737 
345 377 6769 
346 350 2059 
347 377 2563 
348 367 3515 
350 368 7724 
350 377 6470 
352 355 5462 
352 363 995 
353 399 6445 
354 361 5216 
354 364 6869 
354 394 6898 
355 363 4793 
355 385 6947 
356 372 7256 
356 393 7703 
356 396 5361 
359 384 2460 
360 387 7071 
362 382 6883 
364 394 6438 
365 375 537 
365 392 6868 
366 370 7460 
372 385 3059 
374 381 4990 
374 390 6091 
375 392 6596 
380 382 4303 
381 383 6773 
383 397 2531 
386 388 6882 
389 395 6888 
393 396 4854 
