1 
400 1516 60 418614
17 
24 
27 
28 
31 
38 
42 
43 
56 
58 
62 
63 
77 
86 
98 
103 
142 
146 
148 
153 
157 
158 
159 
162 
169 
170 
171 
172 
177 
179 
184 
202 
203 
206 
217 
220 
237 
238 
245 
247 
252 
259 
264 
271 
273 
284 
301 
315 
321 
323 
331 
346 
350 
361 
365 
368 
376 
378 
389 
394 
10664 
642 
8353 
12701 
819 
6126 
1289 
13600 
12887 
11408 
8031 
7565 
12612 
1810 
14948 
6348 
12385 
1778 
7885 
11029 
3509 
5211 
9634 
2304 
14226 
4408 
8029 
3925 
2447 
5957 
13105 
14812 
954 
8217 
11404 
2974 
14402 
8927 
431 
3406 
1971 
4202 
13801 
3154 
6561 
9863 
13470 
10866 
5535 
1910 
8806 
6159 
3204 
7089 
6606 
7083 
9820 
3029 
12514 
4757 
1 78 4884 
1 96 7333 
1 126 1309 
1 136 5995 
1 158 5708 
1 179 6821 
1 343 7897 
1 385 6835 
2 12 1973 
2 25 7157 
2 97 4234 
2 109 4724 
2 113 5080 
2 114 7413 
2 163 5852 
2 301 6135 
3 69 7666 
3 186 4120 
3 202 4946 
3 339 5600 
4 6 3880 
4 26 7163 
4 127 1958 
4 205 3894 
4 281 7386 
4 289 4538 
4 294 7135 
4 297 3337 
4 315 7721 
4 379 5239 
5 45 7754 
5 147 5976 
5 271 6953 
6 26 7195 
6 127 5336 
6 197 7372 
6 205 5357 
6 289 4443 
6 297 6789 
6 315 4652 
6 335 7557 
6 379 1639 
7 61 2459 
7 118 4736 
7 240 6374 
7 305 7086 
8 20 3568 
8 55 5567 
8 101 7110 
8 104 6762 
8 132 6440 
8 152 6950 
8 155 6937 
8 169 2631 
8 183 5510 
8 208 5932 
8 277 6449 
8 286 7578 
8 306 7737 
8 369 4475 
9 16 7223 
9 24 3644 
9 70 3632 
9 106 4004 
9 141 6406 
9 243 4517 
9 249 7847 
9 333 2336 
10 37 6993 
10 46 3796 
10 66 3490 
10 75 2677 
10 84 7543 
10 99 6594 
10 192 5905 
10 201 5862 
10 206 7606 
10 215 4726 
10 250 1898 
11 64 5850 
11 65 4196 
11 103 5867 
11 145 6943 
11 157 3713 
11 160 1712 
11 182 7839 
11 274 7912 
12 25 7215 
12 88 7941 
12 97 5180 
12 103 7175 
12 109 6694 
12 113 3109 
12 163 7711 
12 274 6972 
12 301 7655 
13 96 2979 
13 112 6029 
13 212 6891 
13 385 4541 
14 30 6618 
14 52 4764 
14 233 6540 
14 395 7771 
14 398 7306 
15 50 4354 
15 56 2898 
15 254 6494 
15 363 4199 
15 393 2178 
15 394 4882 
16 24 3802 
16 106 3314 
17 28 3782 
17 221 6362 
17 267 6812 
17 330 2418 
18 181 5804 
18 203 4862 
18 231 3278 
18 324 4326 
18 328 6961 
18 390 7362 
19 31 5146 
19 72 3724 
19 77 2711 
19 95 7579 
19 134 3347 
19 216 6649 
19 217 3964 
19 255 6017 
19 303 5747 
19 316 7629 
19 377 7975 
19 391 3622 
20 55 6238 
20 99 7903 
20 101 4426 
20 132 2902 
20 149 6815 
20 152 5102 
20 169 4683 
20 206 7623 
20 208 3733 
20 253 7742 
20 277 5055 
20 326 6017 
20 369 6782 
21 23 5718 
21 33 6257 
21 34 3416 
21 101 4789 
21 115 3738 
21 152 3230 
21 169 7352 
21 198 3593 
21 208 4601 
21 326 4248 
21 360 3661 
21 382 7511 
22 193 4970 
22 267 6399 
22 361 6553 
23 33 3016 
23 39 7254 
23 101 7909 
23 115 3875 
23 152 7470 
23 162 6412 
23 252 7314 
23 268 7688 
23 326 6378 
23 344 7691 
23 358 7114 
23 360 6762 
23 382 5131 
23 392 5643 
24 70 7274 
24 106 1552 
24 243 7259 
24 333 5892 
25 97 3694 
25 125 5074 
25 129 6061 
25 130 7313 
25 199 7913 
25 301 5799 
25 359 4909 
26 123 5618 
26 127 6227 
26 259 7079 
26 281 3980 
26 289 2867 
26 300 5957 
26 310 6057 
26 335 1906 
26 371 6478 
26 376 6882 
26 379 6696 
27 32 7599 
27 36 7372 
27 128 4420 
27 133 7141 
27 352 6112 
28 267 4049 
28 288 5162 
28 324 5055 
28 330 1519 
29 32 5662 
29 36 3990 
29 40 5614 
29 108 7735 
29 133 7791 
29 138 5535 
29 159 1832 
29 171 6851 
29 187 5100 
29 232 6287 
29 283 6282 
29 296 5902 
30 52 2482 
30 54 2410 
30 398 1666 
31 77 7405 
31 134 5237 
31 142 5365 
31 255 7375 
31 303 7896 
31 391 4226 
32 36 5919 
32 133 2135 
32 138 5110 
32 159 7121 
32 171 7953 
32 283 4419 
32 374 7165 
33 101 6336 
33 115 2763 
33 152 6594 
33 162 3637 
33 208 7441 
33 209 5670 
33 252 7736 
33 268 4775 
33 326 4748 
33 392 4154 
34 101 6733 
34 115 7087 
34 152 4955 
34 155 7210 
34 165 5302 
34 169 5693 
34 183 6956 
34 198 514 
34 208 5854 
34 326 6908 
34 360 3763 
35 60 2613 
35 166 3889 
35 204 3456 
35 251 505 
35 261 4823 
36 40 7702 
36 108 4304 
36 120 7519 
36 128 4674 
36 133 7566 
36 159 3589 
36 187 7130 
36 229 5002 
36 232 5736 
36 285 5195 
37 46 5084 
37 66 6527 
37 75 5495 
37 84 2434 
37 146 4613 
37 201 3691 
37 215 2893 
37 250 5642 
37 273 7771 
37 384 3426 
38 91 4510 
38 92 6112 
38 140 7105 
38 144 2297 
38 153 7394 
38 185 5180 
38 247 5390 
38 280 3802 
38 387 6307 
39 41 4504 
39 131 6247 
39 222 6695 
39 236 6541 
39 239 2874 
39 252 4344 
39 308 7618 
39 311 4529 
39 358 3579 
39 382 6961 
39 392 7974 
40 120 7046 
40 159 4406 
40 187 574 
40 232 4318 
40 296 5492 
41 88 7568 
41 131 7010 
41 137 7261 
41 222 5205 
41 236 2748 
41 239 4139 
41 311 41 
41 344 6812 
41 358 2937 
41 382 7010 
42 63 6941 
42 68 7325 
42 81 6754 
42 386 942 
43 67 3136 
43 79 5090 
43 338 2550 
44 49 2936 
44 214 2347 
44 245 4849 
44 257 6072 
44 262 4955 
44 346 6494 
44 364 4698 
44 396 3083 
45 47 7020 
45 51 7130 
45 90 1757 
45 147 2332 
45 228 6150 
45 325 3330 
46 66 1461 
46 74 5552 
46 75 4698 
46 84 4470 
46 201 2335 
46 215 4530 
46 240 7441 
46 250 1920 
46 298 7544 
46 384 7252 
47 51 7496 
47 195 5177 
47 228 1154 
47 325 7840 
47 352 3721 
47 370 5216 
48 79 6694 
48 86 7182 
48 98 6269 
48 323 5008 
48 383 702 
49 214 2829 
49 245 4427 
49 257 7022 
49 262 7882 
49 331 5707 
49 346 3938 
49 364 7437 
49 396 5288 
50 56 1456 
50 276 6912 
50 363 3820 
50 388 6102 
50 393 4697 
51 147 7987 
51 191 7086 
51 228 6431 
51 270 5962 
51 370 7253 
51 380 7934 
52 54 4775 
52 398 2581 
53 170 6074 
53 211 6448 
53 266 7457 
53 357 5586 
53 365 5841 
53 400 2535 
54 142 7742 
54 398 2702 
55 99 3342 
55 104 4410 
55 132 7584 
55 192 4924 
55 206 5324 
55 254 7546 
55 277 3391 
55 306 3941 
55 369 2916 
56 363 3377 
56 388 6940 
56 393 3473 
56 394 7754 
57 87 1202 
57 120 7148 
57 121 7664 
57 219 7327 
57 278 1562 
57 308 6564 
57 322 3791 
57 341 4235 
57 351 2892 
58 76 3566 
58 119 5346 
58 168 7949 
58 171 7076 
58 178 3060 
58 304 7497 
58 336 7045 
58 345 1668 
59 100 4047 
59 149 6898 
59 156 6544 
59 162 6895 
59 190 989 
59 209 5053 
59 220 3958 
59 253 4737 
59 268 6328 
59 287 3664 
60 166 2202 
60 204 5897 
60 211 7619 
60 251 3115 
60 261 3668 
61 118 2334 
61 299 7408 
61 305 6953 
62 112 5188 
62 168 6623 
62 355 3003 
62 374 5683 
62 385 7777 
63 71 3442 
63 143 1941 
63 299 5227 
63 319 3745 
63 320 6152 
63 386 6769 
64 65 7742 
64 103 6358 
64 114 5430 
64 160 7370 
64 163 7994 
64 182 3678 
65 157 6847 
65 160 3345 
65 161 7089 
65 182 7741 
65 372 7209 
66 74 4963 
66 75 5192 
66 84 5875 
66 201 3661 
66 215 5663 
66 240 7159 
66 250 2044 
66 298 6476 
67 79 4010 
67 338 2547 
68 211 3993 
68 357 4607 
68 365 2866 
69 186 6575 
69 265 6528 
69 290 3376 
69 337 7026 
69 339 2446 
70 106 7523 
70 141 5635 
70 243 3647 
70 249 7305 
70 309 5772 
70 333 1746 
71 118 7438 
71 143 2734 
71 299 1792 
71 319 1976 
71 320 3374 
72 77 1252 
72 95 5246 
72 134 4527 
72 216 7809 
72 217 1864 
72 316 5054 
72 391 5535 
73 177 5398 
73 203 6006 
73 213 7671 
73 314 3099 
73 328 3904 
73 362 6277 
73 375 6439 
73 381 7926 
73 390 4163 
73 395 4538 
74 81 7211 
74 84 7845 
74 135 6220 
74 200 6204 
74 201 5993 
74 240 2465 
74 250 6986 
74 298 3005 
75 84 6859 
75 99 6076 
75 164 6990 
75 192 7262 
75 201 5923 
75 206 6091 
75 215 2688 
75 250 3148 
76 119 7490 
76 171 7153 
76 178 6397 
76 235 7796 
76 304 6710 
76 336 5238 
76 345 2542 
77 95 6304 
77 134 3347 
77 216 7868 
77 217 1502 
77 303 7731 
77 316 6168 
77 391 4311 
78 112 7206 
78 126 5255 
78 179 6498 
78 226 7726 
78 385 6517 
78 389 6872 
79 98 6140 
79 338 2539 
79 383 6029 
80 180 2221 
80 193 7215 
80 259 7739 
80 272 3741 
80 340 4150 
80 342 4268 
80 361 4485 
80 397 3574 
81 135 5235 
81 200 7394 
81 240 5651 
81 298 6491 
81 386 5846 
82 98 4557 
83 266 5266 
83 276 2353 
83 388 5847 
83 400 6712 
84 146 6246 
84 201 2261 
84 215 4704 
84 250 5797 
84 305 7261 
84 384 2802 
85 107 5391 
85 174 5514 
85 188 4873 
86 182 7383 
86 184 7492 
86 194 4543 
86 279 2017 
86 383 7812 
87 120 6674 
87 232 7732 
87 278 2456 
87 287 7603 
87 308 7391 
87 322 2961 
87 341 5432 
87 351 3948 
88 113 5178 
88 137 5515 
88 196 7322 
88 199 3742 
88 222 6265 
88 236 4961 
88 307 7071 
88 311 7569 
88 373 5681 
89 102 6560 
89 246 1855 
89 256 3113 
89 258 5547 
89 348 1907 
89 368 3214 
90 134 7955 
90 147 2411 
90 228 7381 
90 325 2035 
91 92 2635 
91 140 3086 
91 144 5355 
91 210 5419 
91 230 7824 
91 247 6563 
91 280 5924 
92 140 1210 
92 144 5967 
92 210 2852 
92 247 5745 
92 280 5833 
93 94 7722 
93 95 6054 
93 121 3790 
93 293 2522 
93 316 6368 
94 197 1911 
94 216 4024 
94 255 6595 
94 293 5208 
94 303 5863 
94 315 4824 
94 377 3572 
95 216 6535 
95 217 7047 
95 293 5782 
95 316 545 
96 112 7143 
96 136 5437 
96 385 4706 
97 109 5557 
97 113 7418 
97 125 6084 
97 163 7526 
97 174 7878 
97 301 3068 
97 359 4904 
98 323 7066 
98 383 5738 
99 104 7140 
99 164 6758 
99 192 4593 
99 206 2704 
99 277 3018 
99 306 5991 
99 369 6205 
100 149 5304 
100 156 5884 
100 164 5882 
100 190 4724 
100 209 7450 
100 220 5528 
100 253 5262 
100 287 7457 
101 115 4048 
101 132 4194 
101 149 7658 
101 152 1787 
101 162 7869 
101 169 6519 
101 198 7176 
101 208 1363 
101 209 6071 
101 253 6657 
101 268 4940 
101 326 1598 
102 172 3230 
102 256 3966 
102 258 1172 
102 286 7127 
102 334 7651 
102 348 4751 
102 394 7584 
103 113 6508 
103 157 6075 
103 160 7341 
103 274 2355 
104 192 5334 
104 254 3176 
104 277 7788 
104 286 6488 
104 306 1742 
104 369 2446 
104 393 7718 
104 394 5413 
106 333 5930 
106 376 7268 
107 125 5788 
107 174 7467 
107 188 6907 
107 291 7060 
107 301 6603 
107 359 5317 
108 120 4892 
108 128 3985 
108 159 6491 
108 229 948 
108 232 5124 
108 285 1628 
109 114 5172 
109 163 2048 
109 174 4217 
109 188 4796 
109 301 4692 
110 167 6549 
110 244 4477 
110 312 2319 
110 331 6347 
110 346 7006 
111 127 7140 
111 141 6049 
111 154 2165 
111 249 6122 
111 294 2376 
111 297 6187 
111 317 6001 
112 355 5412 
112 385 2713 
113 199 7794 
113 274 5306 
114 163 3262 
114 174 7647 
114 182 5422 
114 323 7244 
115 132 7885 
115 152 3910 
115 162 5740 
115 198 7314 
115 208 4926 
115 209 6164 
115 268 4937 
115 326 2503 
115 360 6753 
115 392 6906 
116 117 4072 
116 151 6268 
116 248 5745 
116 334 5196 
116 378 3554 
117 151 6203 
117 248 4773 
117 260 4712 
117 334 6023 
117 378 2131 
118 299 6094 
118 320 7695 
119 167 6527 
119 178 6499 
119 304 5709 
119 345 6878 
120 121 5797 
120 159 7290 
120 187 6832 
120 229 5392 
120 232 3031 
120 285 3273 
120 351 7419 
121 285 7197 
121 293 5902 
121 341 7050 
121 351 5669 
122 139 6952 
122 227 5673 
122 244 5781 
122 284 5534 
122 312 6923 
122 329 1676 
122 331 4783 
122 347 5558 
123 150 7614 
123 193 5751 
123 259 6887 
123 289 7893 
123 300 2765 
123 310 6213 
123 335 4036 
123 361 7012 
123 371 7190 
123 397 6374 
124 179 3852 
124 226 3355 
124 282 7842 
124 327 6590 
124 343 6020 
125 291 6392 
125 301 5346 
125 359 1619 
126 136 6565 
126 158 4450 
126 179 5785 
126 189 7575 
126 343 6596 
127 154 7760 
127 205 5595 
127 249 6711 
127 281 5629 
127 289 4146 
127 294 6540 
127 297 3889 
127 335 7780 
127 379 6383 
128 229 3682 
128 285 5612 
129 130 1775 
129 196 6385 
129 199 5658 
129 302 2755 
129 313 2224 
129 317 4581 
130 196 4616 
130 199 4559 
130 302 1050 
130 307 6386 
130 313 2583 
130 317 4800 
130 373 7006 
131 137 4547 
131 219 7121 
131 222 3232 
131 236 6400 
131 239 3567 
131 252 7792 
131 307 6166 
131 311 7051 
131 373 5548 
132 149 4125 
132 152 5696 
132 169 7447 
132 206 6793 
132 208 4426 
132 209 6374 
132 253 4873 
132 268 5923 
132 277 5061 
132 326 5435 
133 138 6545 
133 283 5512 
133 374 5842 
134 217 3228 
134 325 6300 
134 391 1144 
135 200 2292 
135 240 6603 
135 266 7541 
135 298 3517 
135 388 7125 
136 230 4597 
137 196 4447 
137 199 4988 
137 222 2394 
137 236 5029 
137 239 6293 
137 302 7739 
137 307 2896 
137 311 7290 
137 373 1383 
138 159 7339 
138 168 7850 
138 171 2879 
138 178 7409 
138 283 1376 
138 296 6575 
138 336 6595 
138 345 7824 
138 374 7983 
139 227 1628 
139 263 3308 
139 284 1947 
139 318 1775 
139 329 6107 
139 347 4830 
140 144 7138 
140 210 2518 
140 247 6917 
140 280 7044 
141 249 1669 
141 281 5804 
141 333 4783 
141 376 6332 
142 150 6159 
142 398 7960 
143 299 4259 
143 319 2051 
143 320 4514 
144 153 5317 
144 176 6053 
144 185 3681 
144 247 3243 
144 280 1561 
144 387 7231 
145 157 3366 
145 160 6257 
145 223 4186 
145 224 3033 
145 295 4993 
145 344 7915 
146 215 6382 
146 237 6606 
146 241 3494 
146 273 3228 
146 384 4586 
147 325 4434 
148 238 4334 
148 260 7051 
148 372 5410 
149 164 4636 
149 190 7888 
149 206 5651 
149 209 6127 
149 253 3144 
149 268 6520 
149 277 5832 
150 173 3526 
150 255 6505 
150 300 5264 
150 303 7604 
151 248 1654 
151 258 7589 
151 334 1460 
151 378 4132 
152 169 5713 
152 198 5391 
152 208 1393 
152 209 7600 
152 268 6389 
152 326 2280 
152 360 6793 
153 176 3327 
153 185 2913 
153 247 4492 
153 264 6808 
153 280 4475 
153 332 6637 
154 294 1289 
154 297 5645 
154 313 6390 
154 317 4020 
155 165 3072 
155 169 5257 
155 172 7995 
155 183 1429 
155 198 7341 
155 286 5554 
156 190 6206 
156 218 3435 
156 220 3397 
156 235 7023 
156 237 7999 
156 287 7393 
156 353 5882 
157 160 3528 
157 223 5844 
157 224 6323 
157 274 7187 
157 295 7889 
158 179 5230 
158 189 4350 
158 265 7677 
158 343 3186 
159 187 3840 
159 229 7409 
159 232 4455 
159 285 6504 
159 296 6425 
161 184 6024 
161 194 7153 
161 238 4892 
161 279 7392 
161 372 3379 
161 399 5356 
162 190 6974 
162 209 3727 
162 252 7851 
162 253 6757 
162 268 3717 
162 287 6504 
162 308 7532 
162 326 6584 
162 392 3098 
163 174 4753 
163 188 5415 
163 301 6693 
164 206 4147 
164 215 7299 
164 253 7418 
164 277 6421 
165 169 6213 
165 183 3903 
165 198 5240 
166 204 7338 
166 251 4287 
166 261 5726 
167 244 4598 
167 304 5283 
167 312 7432 
168 178 4889 
168 283 6749 
168 355 5445 
168 374 3418 
169 183 3976 
169 198 6139 
169 208 5164 
169 286 7850 
169 326 7818 
169 369 6859 
170 211 6638 
170 261 5579 
170 365 7927 
171 178 6836 
171 283 4012 
171 296 5069 
171 336 3737 
171 345 5812 
171 353 7689 
172 254 6613 
172 256 6787 
172 258 4394 
172 286 3904 
172 348 7786 
172 394 5875 
173 197 6675 
173 216 7230 
173 255 4389 
173 300 5891 
173 303 5314 
173 377 5517 
173 379 7368 
174 188 665 
174 301 5320 
175 226 5699 
175 389 3997 
176 185 5590 
176 247 3364 
176 280 4580 
176 332 7591 
177 213 2463 
177 233 7520 
177 314 2304 
177 362 1366 
177 375 3010 
177 381 2652 
177 395 2726 
178 283 7082 
178 345 3934 
178 374 7960 
179 226 5263 
179 343 3769 
180 193 7733 
180 272 5744 
180 340 6333 
180 342 4505 
180 361 5021 
180 397 5502 
181 221 7449 
181 231 2529 
183 198 7182 
183 286 5251 
184 194 3306 
184 279 5530 
184 399 1853 
185 247 4862 
185 264 7584 
185 280 3783 
185 387 6302 
186 202 5108 
186 265 5703 
186 339 4146 
187 232 3992 
187 285 7804 
187 296 5515 
188 301 5370 
189 265 7979 
189 290 7010 
189 343 6635 
190 209 5645 
190 220 3275 
190 253 5671 
190 268 6915 
190 287 2773 
190 322 7375 
191 264 2990 
191 270 1254 
191 332 7834 
191 380 1724 
192 206 7214 
192 250 7755 
192 254 7827 
192 277 7152 
192 306 3595 
192 369 6174 
192 393 7895 
193 300 7204 
193 361 2766 
193 397 5462 
194 279 2531 
194 399 5057 
195 207 6529 
195 228 5550 
195 352 4641 
195 366 4326 
195 370 1381 
196 199 4211 
196 222 6814 
196 302 3765 
196 307 1862 
196 313 6521 
196 317 7861 
196 354 6925 
196 373 3068 
197 216 4088 
197 255 5575 
197 293 7086 
197 303 5114 
197 315 4474 
197 377 2655 
197 379 6583 
198 208 6333 
198 295 7894 
198 326 7280 
198 360 3419 
199 222 6957 
199 236 7518 
199 302 4616 
199 307 4795 
199 313 7142 
199 373 4200 
200 240 7387 
200 276 7619 
200 298 3203 
200 388 5434 
201 215 4579 
201 240 7201 
201 250 3984 
201 384 5059 
203 288 7940 
203 324 5311 
203 328 2140 
203 390 3882 
204 251 3057 
204 261 6564 
205 294 7455 
205 297 3269 
205 315 6644 
205 354 4784 
205 379 6989 
206 215 7849 
206 277 2825 
207 212 4111 
207 366 7157 
207 370 6311 
207 387 7240 
208 209 7396 
208 253 7719 
208 268 6290 
208 326 2736 
209 253 3062 
209 268 1275 
209 287 6746 
209 326 5456 
209 392 6822 
210 247 6933 
210 280 7640 
211 261 5204 
211 357 5655 
211 365 2159 
211 400 7216 
212 387 3244 
213 233 5844 
213 314 4663 
213 362 1412 
213 375 2655 
213 381 320 
213 395 5014 
214 245 6548 
214 262 6186 
214 318 7268 
214 331 6682 
214 346 6746 
214 364 5234 
214 396 5423 
215 250 4016 
215 384 6318 
216 255 3571 
216 293 6535 
216 303 2507 
216 316 7007 
216 377 2110 
217 316 6808 
217 325 6856 
217 391 4356 
218 220 6712 
218 235 3660 
218 237 5710 
218 296 6582 
218 336 7443 
218 353 2726 
219 252 5956 
219 278 6300 
219 308 4717 
219 321 7613 
219 341 3519 
219 351 5658 
220 287 3996 
220 322 7089 
221 231 7806 
221 330 6836 
222 236 3579 
222 239 3946 
222 307 5143 
222 311 5240 
222 358 7676 
222 373 3772 
223 224 5457 
223 274 7630 
223 295 3213 
223 344 3937 
223 382 6397 
224 295 4206 
224 360 7990 
225 233 6861 
225 271 3442 
225 367 1717 
226 389 7877 
227 263 4927 
227 284 337 
227 318 3338 
227 329 5127 
227 347 3329 
228 325 7388 
228 352 4838 
228 370 5297 
229 232 5980 
229 285 2171 
231 324 6797 
232 285 4018 
233 271 4410 
233 362 7118 
233 367 5987 
233 381 5524 
235 237 3971 
235 241 7154 
235 273 7356 
235 296 7077 
235 336 5419 
235 353 2892 
236 239 4911 
236 307 7874 
236 311 2760 
236 358 5685 
236 373 6221 
237 241 3199 
237 273 3394 
237 353 6540 
238 372 2837 
238 399 6839 
239 252 5928 
239 311 4179 
239 358 5119 
239 373 7635 
240 298 4405 
241 273 809 
241 384 7577 
242 291 3138 
242 309 5422 
243 309 4286 
243 333 4516 
244 312 3826 
244 329 6465 
244 331 5985 
245 257 3254 
245 275 7360 
245 346 4309 
245 396 4197 
246 256 4928 
246 258 6969 
246 348 3677 
246 368 1701 
247 280 1707 
248 260 7751 
248 334 2428 
248 378 2862 
249 281 4237 
249 294 7764 
249 333 6402 
249 376 5617 
251 261 5215 
252 308 3329 
252 358 7597 
252 392 4753 
253 268 3726 
253 287 7813 
253 326 6780 
254 286 4711 
254 306 4479 
254 369 5100 
254 393 6734 
254 394 2382 
255 303 1103 
255 377 3039 
256 258 3281 
256 348 1270 
256 368 5959 
257 262 7811 
257 275 4109 
257 292 7427 
257 320 7603 
257 346 7556 
257 396 3596 
258 334 7242 
258 348 3832 
258 368 7301 
259 272 5292 
259 281 6514 
259 310 1022 
259 335 7412 
259 340 4035 
259 371 1124 
259 376 3738 
259 397 5092 
260 378 6286 
261 365 7356 
262 292 5806 
262 364 1786 
262 396 4486 
263 284 5231 
263 318 1987 
263 347 7929 
264 270 3962 
264 332 5228 
264 380 3417 
265 290 6625 
265 339 5587 
265 343 5868 
266 276 5760 
266 357 4605 
266 388 7908 
266 400 4928 
267 288 3556 
267 324 7054 
267 330 5321 
268 287 7875 
268 326 4205 
268 392 6676 
269 337 5075 
269 349 4253 
269 356 2022 
270 380 2782 
271 367 1915 
272 310 6236 
272 340 1355 
272 342 4411 
272 361 7197 
272 371 6284 
272 397 4194 
273 384 7590 
275 292 5507 
275 319 7692 
275 320 5770 
275 396 6253 
276 363 7814 
276 388 3494 
277 306 7259 
277 369 5962 
278 287 7909 
278 308 5009 
278 322 3986 
278 341 3750 
278 351 3263 
279 399 7049 
281 289 5137 
281 310 5713 
281 335 5790 
281 371 5470 
281 376 4236 
282 327 3958 
283 296 7946 
283 336 7746 
283 374 6627 
284 318 3672 
284 329 5085 
284 347 2995 
286 369 6791 
286 394 5545 
287 322 4670 
287 392 7953 
288 324 4927 
288 330 6678 
289 297 7716 
289 300 7324 
289 335 3863 
289 379 4294 
290 337 5018 
290 339 5366 
291 359 7638 
292 364 7584 
292 396 6520 
293 316 6249 
293 377 7674 
294 297 4388 
294 313 7184 
294 317 4901 
295 344 4152 
295 360 5212 
295 382 5643 
296 336 4688 
296 353 4461 
297 354 6826 
299 319 2693 
299 320 2452 
300 335 4051 
301 359 3747 
302 307 5595 
302 313 2883 
302 317 4756 
302 373 6403 
303 377 2462 
305 384 5347 
306 369 3271 
306 393 7264 
306 394 6407 
307 354 6884 
307 373 1675 
308 322 7605 
308 341 5514 
308 351 6895 
308 392 4865 
309 333 7406 
310 335 6419 
310 340 4940 
310 371 1006 
310 376 3584 
310 397 5490 
311 344 6778 
311 358 2925 
311 382 6987 
312 329 6635 
312 331 4046 
312 346 6114 
313 317 2385 
314 328 6729 
314 362 3323 
314 375 4066 
314 381 4894 
314 390 7222 
314 395 2311 
315 321 7969 
315 377 7102 
315 379 4954 
318 329 6942 
318 347 6603 
319 320 2465 
321 354 7164 
322 341 7697 
322 351 6676 
323 383 5347 
324 328 7145 
324 330 5915 
325 391 6700 
326 360 7863 
328 390 3079 
328 395 7306 
329 331 3623 
329 347 6004 
331 346 5942 
332 380 7281 
334 378 3895 
335 371 7080 
335 379 6657 
336 345 5386 
336 353 4755 
337 349 5004 
337 350 5792 
337 356 3694 
340 342 5705 
340 361 6758 
340 371 5079 
340 376 7245 
340 397 3370 
341 351 2138 
342 397 7286 
344 358 4911 
344 360 6521 
344 382 2566 
346 396 7683 
348 368 4697 
349 350 4228 
349 356 2598 
350 356 6049 
352 366 5606 
352 370 5600 
355 374 6208 
357 365 3545 
357 400 4058 
358 382 4316 
360 382 5650 
361 397 3618 
362 375 1931 
362 381 1698 
362 395 4091 
363 388 5223 
363 393 2620 
364 396 5342 
365 400 5852 
366 370 5605 
369 394 7476 
371 376 2689 
371 397 6178 
372 399 7554 
375 381 2965 
375 395 5577 
381 395 5119 
388 393 7837 
393 394 5830 
