1 
400 1470 64 490771
2 
13 
18 
27 
39 
42 
55 
59 
64 
66 
67 
72 
83 
84 
87 
90 
93 
97 
103 
119 
125 
142 
162 
172 
179 
184 
187 
192 
195 
197 
198 
201 
202 
219 
226 
232 
237 
240 
250 
257 
267 
272 
275 
280 
281 
282 
284 
298 
300 
310 
313 
322 
328 
329 
332 
341 
343 
346 
361 
370 
374 
375 
381 
385 
8362 
4536 
11544 
5333 
14440 
10419 
11170 
11498 
10195 
2395 
2572 
14413 
3890 
12873 
4181 
13246 
11645 
11266 
3475 
708 
4940 
6811 
5398 
4131 
14331 
7144 
265 
7824 
11943 
1074 
6611 
12014 
441 
8824 
10627 
12338 
13659 
7554 
9554 
9887 
7549 
4481 
1902 
13423 
13125 
10483 
14092 
8426 
10328 
8298 
800 
11260 
1503 
9201 
10176 
11614 
8656 
10722 
4933 
7949 
5282 
5257 
14875 
4773 
1 8 5351 
1 14 3068 
1 28 7152 
1 98 7291 
1 104 6166 
1 119 3445 
1 127 3758 
1 136 1998 
1 138 6383 
1 156 6171 
1 219 5645 
1 254 4367 
1 273 5280 
1 291 7806 
1 342 7380 
1 379 7553 
2 26 7330 
2 66 6578 
2 166 6830 
2 189 6236 
2 194 4206 
2 210 6777 
2 322 5923 
2 392 4741 
3 44 7230 
3 67 6132 
3 81 1568 
3 89 3609 
3 148 4763 
3 171 1797 
3 380 2119 
4 22 4162 
4 33 2237 
4 178 3703 
4 247 7611 
4 295 7562 
4 344 3649 
4 397 6337 
5 52 6856 
5 101 7034 
5 133 7646 
5 249 5100 
5 262 5055 
5 281 3762 
5 333 7406 
6 25 6679 
6 117 6394 
6 150 1004 
6 208 5898 
6 242 4830 
6 258 7677 
6 301 7513 
6 368 4672 
6 399 2967 
7 9 4992 
7 18 2101 
7 69 6792 
7 93 7624 
7 192 1206 
8 14 3155 
8 104 4224 
8 124 5977 
8 136 3882 
8 156 7684 
8 219 3974 
8 347 5542 
9 18 5587 
9 192 3877 
9 240 5497 
9 348 5464 
10 213 7210 
10 249 6961 
11 26 7180 
11 39 7281 
11 63 3632 
11 166 6803 
11 224 7609 
11 343 3343 
11 356 3430 
12 154 2462 
12 269 804 
12 324 6854 
12 331 6470 
13 77 5920 
13 88 6251 
13 125 6346 
13 394 7010 
14 104 3210 
14 119 5879 
14 127 6827 
14 136 1081 
14 156 4925 
14 219 2699 
14 254 7435 
14 270 7252 
15 34 7063 
15 49 6605 
15 58 2507 
15 65 7760 
15 112 3559 
15 315 6737 
15 332 3883 
15 390 7644 
15 391 7278 
16 113 6057 
16 275 4727 
16 326 4626 
17 79 3428 
17 203 4225 
17 221 1220 
17 281 7399 
17 316 2886 
17 400 4319 
18 69 4711 
18 192 2827 
18 240 7169 
19 42 1928 
19 215 5197 
19 267 7496 
20 29 6387 
20 51 5904 
20 60 1504 
20 100 5150 
20 147 2279 
20 278 886 
20 282 1703 
20 288 6702 
20 323 5605 
20 330 2535 
20 340 5837 
20 370 2233 
21 38 2524 
21 105 4422 
21 131 5523 
21 161 5909 
21 199 6083 
21 260 6345 
21 300 3978 
21 345 3382 
22 33 3069 
22 140 6198 
22 178 5473 
22 185 5184 
22 344 2751 
22 397 4269 
23 155 5267 
23 225 6069 
23 362 6635 
23 378 6223 
23 388 5536 
24 32 4565 
24 121 7454 
24 145 2445 
24 198 7977 
24 256 5769 
24 348 7356 
24 366 6785 
25 150 7226 
25 217 3374 
25 248 6432 
25 266 5323 
25 301 3654 
25 368 5634 
25 389 6262 
25 399 6335 
26 39 3156 
26 166 2669 
26 210 5415 
26 322 2329 
26 325 6580 
26 343 7150 
26 356 6229 
26 392 3701 
27 228 5854 
27 279 4930 
27 280 6807 
27 309 6941 
27 328 6599 
27 357 4592 
28 30 7826 
28 61 5908 
28 98 4363 
28 119 3713 
28 127 5435 
28 138 4453 
28 254 5483 
28 257 7924 
28 273 6426 
28 291 4672 
28 369 7927 
29 51 6088 
29 54 6525 
29 60 7371 
29 100 2959 
29 147 7570 
29 251 3149 
29 278 5893 
29 282 6862 
29 288 5038 
29 312 7357 
29 330 4007 
30 89 7490 
30 98 3555 
30 156 5207 
30 160 686 
30 200 1508 
30 291 3165 
30 369 1027 
31 82 5893 
31 86 4081 
31 173 7723 
31 183 7634 
31 188 3285 
31 226 7247 
31 239 3657 
32 109 7941 
32 121 7543 
32 145 6725 
32 184 7661 
32 198 6974 
32 256 5244 
32 290 7427 
33 134 7529 
33 178 2525 
33 295 7865 
33 344 4170 
33 397 4109 
35 68 6116 
35 122 7095 
35 132 4860 
35 165 5886 
35 170 7022 
35 180 3464 
35 201 4199 
35 306 7500 
35 382 69 
36 68 6561 
36 153 7550 
36 164 7078 
36 199 6418 
36 215 6635 
36 241 6156 
36 317 7838 
37 67 7293 
37 107 5165 
37 148 7517 
37 159 1763 
37 179 656 
37 182 4204 
37 220 3298 
37 359 7624 
37 360 4430 
38 105 2017 
38 131 4437 
38 161 4619 
38 260 5404 
38 300 1462 
38 345 937 
38 375 6801 
39 166 5633 
39 210 5718 
39 224 6273 
39 322 4109 
39 325 3906 
39 343 5781 
39 356 4881 
39 392 6851 
40 146 7205 
40 211 2285 
40 213 7710 
40 227 5295 
41 90 6323 
41 94 6353 
41 163 5892 
41 175 4721 
41 206 1609 
41 372 3226 
42 215 6751 
42 220 7113 
43 76 7928 
43 97 5336 
43 149 2671 
43 176 7776 
43 197 3765 
43 246 820 
43 302 5880 
43 315 6039 
43 319 6634 
43 346 4526 
43 352 5678 
43 385 7437 
44 81 5665 
44 89 5690 
44 154 5653 
44 269 7274 
44 324 4014 
44 369 7990 
44 380 5641 
45 117 3467 
45 162 3745 
45 208 4004 
45 233 5808 
45 242 7862 
45 258 6132 
45 367 7479 
45 399 7671 
46 73 4455 
46 95 7927 
46 116 6573 
46 331 3866 
47 82 7067 
47 85 5226 
47 102 7561 
47 135 5111 
47 151 4573 
47 183 7504 
47 245 6971 
48 122 6237 
48 170 5437 
48 174 5229 
48 299 5534 
48 306 5131 
48 376 3900 
48 383 3255 
49 58 7473 
49 65 1284 
49 112 4516 
49 197 7141 
49 315 7321 
49 332 4602 
49 335 4077 
49 352 6604 
50 55 2188 
50 225 6104 
50 362 1834 
51 60 7404 
51 100 3142 
51 147 4909 
51 278 5024 
51 282 4722 
51 312 6895 
51 330 5792 
51 370 7020 
51 377 4317 
52 114 7599 
52 133 815 
52 238 7425 
52 249 7682 
52 281 3817 
52 296 5736 
52 316 6496 
52 395 1189 
53 128 4393 
53 129 1600 
53 184 2345 
53 283 2547 
53 290 3130 
53 387 6729 
53 396 4930 
54 93 7903 
54 103 2583 
54 111 4982 
54 214 7380 
54 251 3393 
54 288 6837 
54 363 4963 
55 225 7842 
55 362 3952 
56 64 7073 
56 92 3741 
56 204 5654 
56 244 5123 
56 274 1780 
56 297 6802 
56 321 7856 
56 384 4188 
57 69 5980 
57 365 7674 
58 112 5722 
58 332 6081 
58 390 5525 
58 391 5038 
59 130 3266 
59 142 5144 
59 157 1667 
59 181 2238 
59 195 2352 
59 263 5533 
59 353 7259 
60 100 6527 
60 147 3319 
60 225 7945 
60 278 2391 
60 282 2965 
60 288 6628 
60 323 5329 
60 330 3364 
60 340 4734 
60 370 2072 
61 154 7605 
61 257 7894 
61 324 5668 
62 135 7478 
62 143 7091 
62 186 7020 
62 205 7611 
63 224 6950 
63 343 3736 
63 356 4565 
64 72 5449 
64 92 6021 
64 230 1742 
64 337 7413 
64 351 3848 
64 398 4558 
65 112 5295 
65 197 6074 
65 289 7450 
65 315 7523 
65 332 5302 
65 335 3520 
65 352 5377 
66 189 943 
66 194 2375 
66 210 5435 
66 271 7488 
66 321 6641 
66 322 7776 
66 337 4253 
67 81 7539 
67 89 7469 
67 107 2409 
67 148 2493 
67 159 6117 
67 171 5082 
67 179 7205 
67 182 7642 
67 359 2811 
68 164 6915 
68 165 7764 
68 180 2812 
68 201 6757 
68 212 7240 
68 215 5557 
68 317 6059 
68 354 7970 
68 382 6112 
69 192 7257 
69 240 6169 
70 155 6245 
70 214 5784 
70 339 5113 
70 363 7292 
70 378 6221 
70 387 6163 
70 388 4992 
71 110 1892 
71 139 7028 
71 355 3426 
72 92 6412 
72 230 3860 
72 308 5835 
72 349 5429 
72 398 955 
73 95 3586 
73 116 2844 
73 331 7162 
74 80 5546 
74 99 618 
74 146 3191 
74 238 6926 
75 86 6240 
75 173 4303 
75 188 5179 
75 226 6494 
75 239 6704 
75 250 6694 
75 253 6047 
75 311 4930 
75 381 1365 
76 84 7170 
76 97 2842 
76 126 5486 
76 163 2160 
76 206 6495 
76 207 6721 
76 234 6231 
76 246 7238 
76 261 5642 
76 346 3663 
76 385 7593 
77 84 4340 
77 207 5791 
77 261 4972 
77 302 3762 
77 346 7594 
77 394 2635 
78 143 3888 
78 158 4636 
78 186 7417 
78 205 6947 
78 250 3090 
78 253 5647 
78 311 7539 
78 386 6128 
79 142 5933 
79 203 4143 
79 221 2983 
79 316 6153 
79 400 3459 
80 99 5459 
80 146 5646 
80 213 6590 
80 238 3043 
80 249 6043 
81 89 2973 
81 148 5869 
81 171 3324 
81 380 1156 
82 183 1837 
82 393 4854 
83 222 3055 
83 280 4602 
83 309 1569 
84 126 4782 
84 207 1454 
84 234 4279 
84 261 1532 
84 302 6688 
84 346 7072 
84 394 6782 
85 135 2056 
85 151 7272 
86 137 7201 
86 173 3915 
86 188 2401 
86 226 3178 
86 229 6024 
86 239 557 
86 381 7240 
87 140 4950 
87 185 5703 
87 267 7455 
87 329 3867 
88 125 1861 
88 373 7969 
89 148 5148 
89 160 7371 
89 171 5169 
89 200 6208 
89 369 6712 
89 380 4070 
90 94 1510 
90 175 4650 
90 206 7421 
90 372 4960 
91 202 5713 
91 222 7267 
91 237 6048 
92 230 6206 
92 244 7200 
92 274 3553 
92 308 7553 
92 384 7925 
92 398 6309 
93 103 5988 
93 235 6216 
94 175 5776 
94 206 7165 
94 372 4253 
95 116 1986 
95 191 7990 
95 222 7453 
95 228 7244 
95 280 6378 
96 141 3418 
96 144 7365 
96 196 2729 
96 218 7702 
96 223 3879 
96 247 5166 
96 295 4753 
96 318 3506 
97 149 7629 
97 163 4030 
97 206 7774 
97 246 4752 
97 261 7073 
97 302 7714 
97 315 6884 
97 346 2146 
97 385 5615 
98 119 4768 
98 127 7815 
98 136 7647 
98 156 5159 
98 160 4123 
98 200 5043 
98 291 528 
98 369 3896 
99 146 2574 
99 211 7719 
99 238 7102 
100 147 5475 
100 251 6086 
100 278 4367 
100 282 4895 
100 288 7103 
100 312 6659 
100 330 3717 
100 370 7064 
100 377 6940 
101 262 6675 
101 281 7653 
101 327 7703 
101 333 446 
101 400 5794 
102 109 2629 
102 121 6909 
102 151 5496 
102 198 5351 
102 245 3120 
102 367 6987 
103 111 3728 
103 251 5558 
103 363 6611 
104 136 4192 
104 156 4323 
104 219 521 
104 270 4392 
104 347 6907 
105 131 3571 
105 161 3515 
105 260 4511 
105 300 786 
105 345 1080 
105 375 6998 
106 142 7884 
106 169 1774 
106 172 2803 
106 231 2265 
106 286 4353 
106 292 6091 
106 298 3062 
106 314 4296 
107 148 3981 
107 159 4348 
107 171 7467 
107 179 5209 
107 182 6592 
107 358 7962 
107 359 2738 
108 123 1893 
108 131 6761 
108 153 7505 
108 161 7054 
108 259 5742 
108 260 6020 
108 285 1473 
108 365 4896 
109 121 6448 
109 151 4840 
109 198 4654 
109 245 1627 
110 139 7189 
110 172 7828 
110 292 6915 
110 314 6771 
110 355 5237 
111 363 5849 
111 396 6919 
112 315 3881 
112 332 369 
112 385 6702 
113 275 5582 
113 276 7013 
113 326 1941 
113 361 6681 
113 364 7680 
114 133 6794 
114 296 2588 
114 316 7994 
114 395 6433 
115 167 1392 
115 252 5601 
115 255 5056 
115 284 4384 
115 350 7841 
116 191 6772 
116 228 6872 
116 280 7585 
117 150 7037 
117 162 4788 
117 208 5047 
117 233 7339 
117 242 7971 
117 258 2990 
117 399 4718 
118 153 6745 
118 216 1661 
118 259 5347 
118 268 7193 
118 272 5973 
119 127 3104 
119 136 4880 
119 138 4370 
119 156 6341 
119 219 7867 
119 254 3551 
119 273 4791 
119 291 5290 
119 342 7562 
120 137 1707 
120 229 7454 
120 287 4746 
120 304 1095 
120 338 5332 
121 198 1800 
121 366 4683 
122 132 7062 
122 170 1549 
122 174 1623 
122 299 7585 
122 306 4178 
122 358 6514 
122 376 3791 
122 382 7083 
123 131 4871 
123 161 5160 
123 259 7178 
123 260 4128 
123 285 2843 
123 365 4184 
124 134 7666 
124 334 3523 
124 347 4976 
126 163 6307 
126 207 3413 
126 234 927 
126 261 4069 
126 346 7797 
127 136 5754 
127 138 2771 
127 254 620 
127 273 1771 
127 336 7543 
127 342 4470 
127 379 6204 
128 129 2818 
128 184 6651 
128 283 6940 
128 290 7470 
128 387 4095 
129 184 3835 
129 283 4138 
129 290 4652 
129 387 5693 
129 396 6335 
130 139 5554 
130 142 6318 
130 157 3742 
130 172 7806 
130 181 3732 
130 195 1476 
130 231 5915 
130 263 4983 
130 353 4909 
131 161 547 
131 260 976 
131 285 7422 
131 300 4190 
131 345 3913 
131 365 6098 
132 165 1860 
132 170 5977 
132 180 6824 
132 193 7069 
132 201 1545 
132 212 7755 
132 299 5918 
132 306 4606 
132 317 7330 
132 354 6807 
132 382 4791 
133 238 7924 
133 281 4471 
133 296 4928 
133 316 6133 
133 395 491 
134 144 3971 
134 178 6228 
134 334 4348 
134 397 4736 
135 151 5755 
136 156 5072 
136 219 3672 
136 254 6365 
136 273 7266 
137 226 6396 
137 229 5981 
137 239 7053 
137 287 6399 
137 304 1881 
137 338 6369 
138 254 2302 
138 257 5905 
138 273 2487 
138 336 5067 
138 342 4719 
138 379 7582 
139 177 7968 
139 195 6160 
139 231 7946 
139 263 5818 
139 353 2279 
139 355 6790 
140 185 1014 
140 329 4777 
140 344 6837 
141 157 7574 
141 196 6096 
141 218 5977 
141 223 6086 
141 263 7858 
141 318 1611 
142 157 6800 
142 169 7439 
142 181 2985 
142 195 6610 
142 231 7023 
142 400 6221 
143 158 6603 
143 186 5910 
143 205 5806 
143 250 5004 
143 386 5813 
144 178 5956 
144 196 6144 
144 218 7970 
144 247 7744 
144 295 6743 
144 318 7869 
144 397 7344 
145 256 6103 
145 348 6422 
145 366 7715 
146 211 5148 
146 213 7608 
147 278 1991 
147 282 747 
147 323 4472 
147 330 4340 
147 340 6027 
147 370 2164 
148 159 5941 
148 171 4458 
148 179 7215 
148 182 6449 
148 359 5289 
148 380 6802 
149 176 5137 
149 197 2644 
149 246 2940 
149 289 5917 
149 302 4897 
149 319 3968 
149 346 6275 
149 352 4253 
149 394 6890 
150 208 5776 
150 242 4074 
150 301 7586 
150 368 4313 
150 393 7816 
150 399 3960 
151 245 3213 
152 204 5916 
152 271 1986 
152 313 1520 
152 321 4469 
152 384 6232 
153 164 5865 
153 212 7166 
153 241 1617 
153 259 6932 
153 268 2778 
153 285 6666 
153 293 6695 
153 305 5916 
153 317 7597 
154 269 1782 
154 324 4586 
155 214 6247 
155 288 7717 
155 339 3085 
155 378 5699 
155 388 2176 
156 160 5055 
156 200 6147 
156 219 4172 
156 270 4648 
156 291 5363 
156 369 6223 
157 181 3903 
157 195 2339 
157 263 4173 
157 353 6552 
158 186 5585 
158 205 4878 
158 250 7685 
158 303 4534 
158 386 3497 
159 179 1300 
159 182 2951 
159 220 4222 
159 359 7042 
159 360 4182 
160 200 1175 
160 270 7698 
160 291 3769 
160 369 1461 
161 260 1055 
161 285 7793 
161 300 4196 
161 345 4002 
161 365 5989 
162 168 7782 
162 208 7706 
162 233 2550 
162 243 5525 
162 258 5750 
163 206 4335 
163 234 7186 
163 261 7515 
163 346 5533 
163 372 6698 
163 385 7109 
164 165 7338 
164 193 3725 
164 201 7882 
164 212 1628 
164 241 4633 
164 268 4107 
164 293 3773 
164 305 3360 
164 317 1732 
164 354 3138 
165 170 7790 
165 180 6948 
165 193 5209 
165 201 1690 
165 212 5967 
165 293 7797 
165 299 6621 
165 306 6157 
165 317 5654 
165 354 4954 
165 382 5817 
166 210 7440 
166 322 4194 
166 343 7977 
166 356 7176 
166 392 2137 
167 252 4297 
167 255 4735 
167 265 7326 
167 284 4980 
167 350 7638 
168 177 1784 
168 232 5467 
168 233 7899 
168 258 7545 
168 277 1190 
168 355 7772 
168 361 7792 
168 364 5698 
169 172 4562 
169 231 3651 
169 286 3761 
169 292 7403 
169 298 1451 
169 314 5897 
170 174 2395 
170 201 7172 
170 299 6049 
170 306 2631 
170 376 4070 
170 382 6996 
170 383 7198 
171 359 7149 
171 380 3549 
172 231 2605 
172 286 5971 
172 292 4248 
172 298 5713 
172 314 1939 
173 188 4814 
173 226 2359 
173 229 4396 
173 239 4468 
173 311 7762 
173 381 5657 
174 299 7796 
174 306 4745 
174 358 6633 
174 376 2203 
174 383 7877 
175 206 6326 
175 372 6073 
176 197 5305 
176 286 6016 
176 289 3217 
176 292 7974 
176 302 7297 
176 319 1258 
176 352 4836 
176 394 7746 
177 232 3921 
177 263 7745 
177 276 7457 
177 277 1316 
177 353 6966 
177 361 7303 
177 364 5926 
178 196 7082 
178 247 6281 
178 295 5755 
178 344 6625 
178 397 4617 
179 182 3547 
179 220 3162 
179 359 7778 
179 360 3900 
180 201 5498 
180 215 6975 
180 317 7471 
180 382 3475 
181 195 3698 
181 231 6864 
181 263 7495 
181 400 7967 
182 200 7579 
182 220 4560 
182 270 7837 
182 360 2597 
183 242 7803 
183 367 7985 
183 393 3065 
184 256 7029 
184 283 873 
184 290 827 
184 396 4285 
185 329 5791 
185 344 5931 
185 397 7828 
186 205 715 
186 371 4789 
186 386 2113 
187 287 5550 
187 294 7416 
188 226 5134 
188 239 2479 
188 381 5812 
189 194 2194 
189 210 4493 
189 321 7418 
189 322 6880 
189 337 4545 
190 204 3912 
190 244 6015 
190 297 3031 
190 384 5490 
191 228 3386 
191 257 5842 
191 336 7694 
191 357 4149 
192 240 7671 
192 348 7428 
193 201 6451 
193 212 2170 
193 241 7784 
193 268 6009 
193 293 2587 
193 305 3077 
193 317 3050 
193 354 848 
194 210 5156 
194 322 6528 
194 337 6603 
194 392 7767 
195 231 7350 
195 263 3981 
195 353 4958 
196 223 4419 
196 247 2781 
196 295 2118 
196 318 5834 
197 246 4466 
197 289 4503 
197 302 7525 
197 315 7590 
197 319 4566 
197 352 1913 
198 245 6281 
198 366 6430 
199 267 7563 
199 285 7751 
200 291 4625 
200 369 1452 
201 212 6741 
201 299 7408 
201 306 6088 
201 317 6150 
201 354 6027 
201 382 4130 
202 237 2678 
203 221 3014 
203 316 5088 
203 400 7249 
204 244 5852 
204 271 7770 
204 274 6301 
204 297 4434 
204 313 7248 
204 321 6729 
204 384 1716 
205 303 7712 
205 371 5225 
205 386 1397 
206 372 3267 
206 385 7969 
207 234 2839 
207 261 1720 
207 302 7912 
207 346 7373 
208 242 3895 
208 258 7969 
208 367 4471 
208 399 6693 
209 310 1503 
209 341 4203 
209 374 6754 
210 322 3258 
210 325 5641 
210 337 7405 
210 392 6880 
211 213 6127 
211 227 5289 
211 328 7828 
212 241 6098 
212 268 4977 
212 293 3091 
212 305 3030 
212 317 1181 
212 354 1514 
213 227 4783 
213 328 4788 
214 251 6959 
214 288 3634 
214 339 3161 
214 363 4383 
214 388 7008 
215 267 6169 
216 259 6495 
216 272 5512 
216 325 6499 
217 248 4436 
217 266 2912 
217 301 1887 
217 368 5795 
217 389 3217 
218 264 3604 
218 318 4605 
218 327 2939 
219 270 4770 
219 347 7115 
220 360 2784 
221 316 3232 
221 400 4877 
222 280 3250 
222 309 3727 
223 232 4247 
223 247 4747 
223 263 7533 
223 276 6207 
223 295 5123 
223 318 6936 
223 361 6857 
224 325 6753 
224 343 4267 
224 356 4382 
225 340 4742 
225 362 4452 
226 229 2941 
226 239 3595 
226 304 7891 
226 381 7802 
227 309 7902 
227 328 2831 
228 257 7019 
228 279 7299 
228 280 5727 
228 357 1856 
229 239 6363 
229 304 6872 
230 351 4949 
230 398 2925 
231 286 6605 
231 292 6814 
231 298 5092 
231 314 4545 
232 247 7796 
232 263 7016 
232 276 5054 
232 277 4392 
232 361 5296 
232 364 5886 
233 243 3038 
233 275 7779 
233 364 6681 
234 261 3851 
236 252 7677 
236 255 5202 
236 265 3251 
236 350 5407 
238 249 3822 
238 395 7849 
239 381 7657 
241 268 2808 
241 285 7011 
241 293 6303 
241 305 5521 
241 317 6342 
241 354 7468 
242 367 4672 
242 368 7294 
242 393 4928 
242 399 7191 
243 275 4752 
243 364 6551 
244 274 3866 
244 297 3070 
244 384 5785 
246 302 5335 
246 315 6436 
246 319 6877 
246 346 3755 
246 352 6377 
246 385 7486 
246 394 7781 
247 276 6098 
247 295 1006 
247 361 6838 
248 266 1560 
248 294 7094 
248 301 2892 
248 368 3718 
248 389 2492 
249 281 7026 
250 253 3238 
250 311 4830 
250 381 5531 
251 288 4775 
251 330 6433 
251 363 6683 
252 255 7330 
252 265 5330 
253 311 1978 
253 381 5432 
254 273 1240 
254 336 6946 
254 342 4023 
254 379 6050 
255 265 6628 
255 284 3175 
255 350 2910 
256 283 7149 
256 290 6318 
256 348 3482 
257 273 7679 
257 279 5183 
257 336 2034 
257 357 5844 
258 355 5695 
258 399 5034 
259 285 6438 
259 365 6604 
260 285 6815 
260 300 5153 
260 345 4889 
260 365 5129 
261 302 6430 
261 346 5734 
261 394 7081 
262 264 5623 
262 327 5306 
262 333 7116 
263 353 3594 
264 327 1316 
265 350 7972 
266 294 7983 
266 301 1672 
266 307 7718 
266 368 4281 
266 389 1515 
267 329 5350 
268 293 3935 
268 305 3167 
268 317 5716 
268 354 5974 
269 324 6315 
269 331 7272 
270 360 6480 
271 313 1710 
271 321 4439 
271 337 7750 
271 384 7853 
272 293 7892 
272 305 7921 
272 351 7714 
273 336 6298 
273 342 2804 
273 379 5171 
274 297 6191 
274 384 5166 
275 326 5702 
275 366 7809 
276 277 6962 
276 295 7101 
276 361 756 
276 364 3872 
277 361 6687 
277 364 4862 
278 282 1263 
278 288 6881 
278 323 5960 
278 330 2360 
278 340 6573 
278 370 2756 
279 336 4221 
279 357 5444 
280 309 3993 
280 357 6650 
281 316 6913 
281 333 7861 
281 395 4943 
282 323 5074 
282 330 3598 
282 340 6291 
282 370 2331 
283 290 919 
283 396 3412 
284 350 4654 
285 365 6358 
286 289 7462 
286 292 6388 
286 298 2946 
286 314 6155 
286 319 7137 
287 294 7349 
287 304 4718 
287 338 6258 
288 330 4662 
288 339 5212 
288 363 6490 
289 292 6483 
289 319 3765 
289 335 7266 
289 352 2960 
290 396 4038 
291 324 7782 
291 369 3421 
292 298 7920 
292 314 2371 
293 305 786 
293 317 4271 
293 354 3010 
294 307 7780 
294 320 6956 
294 338 4497 
294 389 7288 
295 318 7952 
295 361 7842 
296 316 5495 
296 395 4695 
297 384 5282 
298 314 6772 
299 306 3516 
299 308 7978 
299 349 6226 
299 383 3819 
300 345 663 
300 375 6411 
301 368 3974 
301 389 2826 
302 319 6159 
302 346 5590 
302 394 2479 
303 386 6484 
304 338 6363 
305 317 4165 
305 354 3325 
306 376 5702 
306 382 7453 
306 383 5609 
307 389 6204 
307 391 3087 
308 349 2608 
308 398 6716 
309 328 7765 
310 341 4723 
310 374 6978 
311 381 4751 
312 377 6328 
313 321 5614 
313 384 7704 
315 332 3536 
315 385 3258 
316 395 6376 
316 400 7037 
317 354 2236 
318 327 7489 
319 352 4548 
319 394 6857 
320 338 4380 
320 393 7623 
321 337 4438 
321 351 7728 
321 384 5824 
322 325 6265 
322 392 3988 
323 340 3371 
323 370 3406 
324 369 7469 
325 356 7755 
327 333 7989 
330 370 4762 
332 385 6416 
333 400 5469 
334 397 6633 
335 352 6553 
336 342 6253 
336 357 6817 
337 351 4598 
339 363 7331 
339 378 7616 
339 388 4092 
340 370 3961 
341 374 2672 
342 379 3366 
343 356 939 
344 397 6888 
345 375 6840 
346 385 7428 
346 394 7854 
349 383 7505 
349 398 6384 
351 398 7796 
358 359 7515 
358 376 7881 
361 364 3192 
363 396 5671 
367 393 6474 
368 389 5767 
368 399 6869 
371 378 7736 
371 386 6256 
376 383 7020 
378 388 3663 
390 391 6163 
