1 
400 1576 55  374849
12 
26 
31 
37 
39 
41 
61 
64 
65 
66 
68 
72 
82 
94 
112 
118 
124 
126 
128 
133 
134 
137 
143 
146 
149 
158 
160 
161 
162 
168 
170 
176 
179 
182 
185 
187 
191 
201 
204 
217 
225 
230 
265 
275 
280 
285 
312 
314 
318 
329 
333 
339 
360 
362 
384 
4315 
2214 
1637 
14727 
4042 
13794 
1652 
13099 
3997 
3436 
2658 
14338 
8126 
1089 
2166 
13790 
9994 
12461 
4498 
6634 
14619 
10201 
10384 
6516 
11611 
9159 
5144 
2717 
14228 
1093 
7610 
1866 
8030 
139 
6467 
4008 
5038 
13889 
10320 
14549 
3248 
10880 
11618 
4904 
14771 
8967 
12967 
6935 
6767 
1252 
147 
1400 
9511 
38 
14408 
1 98 3284 
1 118 7149 
1 161 7765 
1 309 1012 
1 396 3297 
2 36 5038 
2 78 4761 
2 252 3225 
2 283 6555 
2 318 5081 
2 352 5899 
2 372 7946 
2 374 4910 
3 145 6059 
3 168 5514 
3 196 7440 
3 254 3893 
3 263 3678 
3 280 7496 
3 367 4384 
4 11 4830 
4 19 7136 
4 36 7831 
4 80 4931 
4 148 6631 
4 173 6639 
4 200 5184 
4 216 7731 
5 48 5520 
5 176 5362 
5 218 5715 
5 232 5373 
5 233 1926 
5 236 6390 
5 296 2754 
5 301 523 
5 319 7036 
6 8 5062 
6 34 6642 
6 39 5331 
6 75 4999 
6 93 4408 
6 109 4032 
6 120 4657 
6 206 3239 
6 312 7009 
6 324 3473 
6 349 7521 
7 170 7864 
7 250 7697 
7 322 6459 
7 377 6245 
7 378 4040 
8 34 1605 
8 52 7592 
8 56 7753 
8 75 640 
8 93 6919 
8 109 6119 
8 120 3447 
8 155 5225 
8 206 2489 
8 230 7278 
8 324 6340 
8 349 2720 
9 118 7976 
9 121 3128 
9 250 7716 
9 282 6781 
9 338 7836 
10 31 5136 
10 211 1824 
10 245 1902 
10 247 7246 
10 384 3700 
10 392 5851 
11 19 4774 
11 80 7797 
11 108 4790 
11 110 7169 
11 229 7910 
11 314 6552 
11 397 6368 
12 47 7646 
12 177 5559 
12 382 6443 
13 135 7851 
13 167 986 
13 187 4039 
13 302 4247 
14 28 5004 
14 32 7538 
14 103 7059 
14 122 5451 
14 154 7463 
14 174 7175 
14 199 2998 
15 84 7558 
15 99 6041 
15 195 2839 
15 224 5629 
15 248 3815 
15 265 3689 
15 268 3191 
15 321 3788 
15 361 4604 
16 27 5999 
17 96 6360 
17 102 7397 
17 110 4917 
17 152 6931 
17 229 6157 
17 299 7578 
17 388 1306 
17 397 5202 
18 27 6819 
18 64 7483 
18 163 5076 
18 267 7444 
18 306 4008 
18 372 7162 
19 108 6283 
19 115 4199 
19 127 6756 
19 140 7047 
19 169 6151 
19 173 7400 
19 200 7491 
20 61 5627 
20 149 7127 
20 197 3554 
20 217 3062 
20 315 3822 
20 340 7152 
20 357 5748 
20 385 6853 
21 62 6150 
21 87 4000 
21 121 5673 
21 282 2552 
21 363 5286 
21 381 5948 
21 391 3489 
21 395 7548 
22 83 6809 
22 151 5150 
22 231 7165 
22 238 5706 
22 278 4745 
22 308 4989 
22 346 6648 
23 97 7684 
23 168 5213 
23 196 7383 
23 269 3683 
23 280 4005 
23 367 6137 
23 370 4903 
24 339 7956 
25 35 3574 
25 76 7651 
25 113 7880 
25 128 5722 
25 178 7520 
25 191 2327 
25 242 6589 
25 247 4680 
25 259 3018 
25 297 3522 
25 371 6497 
25 373 7124 
25 386 7115 
25 392 7692 
25 400 7238 
26 46 4156 
26 91 6807 
26 141 5651 
26 153 5287 
26 154 7473 
26 240 6591 
26 288 2219 
26 298 7524 
26 307 1810 
26 316 6449 
26 351 7925 
26 398 5028 
27 306 6451 
28 32 4588 
28 94 5136 
28 122 5429 
28 153 5786 
28 154 4424 
28 174 2239 
28 199 7960 
28 295 3815 
28 303 6815 
28 398 6190 
29 43 6468 
29 51 7268 
29 60 6504 
29 107 4234 
29 166 5566 
29 184 5949 
29 186 7661 
29 192 5171 
29 198 1843 
29 209 7441 
29 213 6990 
29 241 5831 
30 125 1941 
30 126 3407 
30 218 6690 
30 311 5890 
30 355 1507 
30 364 7706 
31 191 6801 
31 211 6595 
31 245 6980 
31 247 4614 
31 259 5576 
31 297 4891 
31 384 2931 
31 392 6238 
32 94 5158 
32 174 3948 
32 295 4611 
32 303 4748 
33 40 2200 
33 41 6820 
33 42 5660 
33 144 4952 
33 157 3737 
33 360 2172 
34 52 5999 
34 56 7149 
34 75 1702 
34 109 7562 
34 120 4166 
34 155 3629 
34 206 3812 
34 230 7669 
34 324 7858 
34 349 1897 
35 113 5669 
35 116 7865 
35 178 4003 
35 191 5874 
35 228 4826 
35 259 5170 
35 297 6602 
35 371 4622 
35 389 7794 
35 400 6556 
36 78 7871 
36 80 5801 
36 88 7867 
36 148 6073 
36 216 6468 
36 252 4864 
36 283 4266 
36 352 7593 
36 374 6988 
36 379 4484 
36 393 7537 
37 38 1900 
37 45 4727 
37 57 5091 
37 63 6821 
37 77 5056 
37 136 2041 
37 151 7892 
37 156 3915 
37 181 5018 
37 212 5577 
37 244 5986 
37 249 3904 
37 253 7507 
37 267 6938 
37 318 7385 
38 45 4718 
38 57 5987 
38 63 6316 
38 77 3553 
38 83 7182 
38 136 2802 
38 151 6213 
38 156 3466 
38 181 6878 
38 212 5019 
38 244 5167 
38 249 5452 
38 253 7521 
38 308 7534 
39 75 7928 
39 120 5482 
39 206 5905 
39 248 7073 
39 289 6093 
39 312 1724 
40 41 4882 
40 42 7759 
40 144 4287 
40 157 5898 
40 158 7798 
40 221 6798 
40 360 1802 
40 380 7896 
41 144 4069 
41 158 3004 
41 221 3561 
41 360 6493 
42 114 4868 
42 157 2000 
42 340 5815 
42 360 6743 
43 60 3263 
43 107 2536 
43 130 4129 
43 179 3791 
43 186 2273 
43 192 6431 
43 198 7569 
43 209 5024 
43 213 2270 
43 227 6711 
43 342 6479 
44 103 3941 
44 129 1665 
44 199 7769 
44 328 7935 
45 57 2636 
45 63 2379 
45 77 7951 
45 136 6740 
45 151 6353 
45 156 1438 
45 181 6767 
45 212 1573 
45 249 4310 
45 253 2828 
45 304 6047 
45 308 6675 
46 91 5850 
46 141 4838 
46 145 5252 
46 240 2732 
46 288 5194 
46 307 2545 
46 313 6962 
47 49 7104 
47 177 5050 
47 230 5258 
47 331 7961 
47 349 6798 
48 180 5686 
48 218 2076 
48 232 1958 
48 233 6638 
48 236 7609 
48 255 5644 
48 296 2773 
48 301 5312 
48 355 7371 
49 96 5116 
49 101 4590 
49 102 5476 
49 152 3748 
49 230 3715 
49 331 882 
49 347 5013 
50 166 6826 
50 189 3360 
50 192 6324 
50 198 6762 
51 107 7860 
51 184 1318 
51 241 1500 
51 325 2854 
52 56 7164 
52 75 7516 
52 155 2371 
52 164 7533 
52 349 6191 
53 85 6667 
53 89 3881 
53 117 7042 
53 132 6053 
53 214 1642 
53 275 3080 
53 376 7465 
54 59 5297 
54 95 7129 
54 137 5912 
54 193 3367 
54 290 3771 
54 329 7218 
54 344 5783 
54 359 7797 
54 365 2157 
55 68 4479 
55 225 1718 
55 274 3503 
55 298 5638 
55 330 7975 
55 351 5507 
56 75 7179 
56 120 5729 
56 155 6579 
56 202 5241 
56 206 7449 
57 63 4590 
57 64 7681 
57 136 7049 
57 156 3732 
57 181 4827 
57 212 4166 
57 249 2471 
57 253 3672 
57 267 7005 
57 304 3958 
58 81 7884 
58 162 7310 
58 273 2461 
58 323 5763 
58 337 6766 
58 354 6124 
59 95 3518 
59 176 5301 
59 190 7648 
59 193 2026 
59 290 1849 
59 319 3600 
59 329 2980 
59 359 5666 
59 365 6816 
60 107 4416 
60 130 5275 
60 179 7048 
60 186 5518 
60 192 3901 
60 198 6798 
60 209 1778 
60 213 1296 
60 227 5972 
60 342 7089 
61 197 2243 
61 217 3224 
61 315 2155 
61 340 6457 
61 369 5207 
61 385 1562 
62 121 7259 
62 282 7245 
62 395 2210 
63 133 5691 
63 151 5388 
63 156 2933 
63 212 1296 
63 249 6627 
63 253 2158 
63 304 6987 
63 308 5136 
64 163 4448 
64 284 3947 
64 304 4344 
65 303 6146 
66 117 7843 
66 134 3999 
67 90 1787 
67 124 6364 
67 127 6509 
67 131 3923 
67 221 7260 
67 276 7743 
67 356 7066 
67 380 4389 
68 225 2826 
68 274 5219 
68 288 6078 
68 298 3606 
68 316 7413 
68 330 7977 
68 351 3893 
69 204 7419 
69 333 4692 
69 336 7904 
69 369 7420 
70 80 6973 
70 100 2851 
70 146 5425 
70 148 6378 
70 216 6235 
70 229 3424 
70 314 2870 
70 393 6612 
71 94 6883 
71 274 6623 
71 298 5668 
71 303 6832 
71 316 3310 
71 330 2220 
71 351 5392 
72 126 6668 
72 220 3983 
72 257 1987 
72 289 5243 
72 364 3183 
72 368 5295 
73 159 5134 
73 171 7540 
73 205 3478 
73 223 2248 
73 310 4471 
73 350 5126 
74 82 7091 
74 261 6157 
74 287 2661 
75 93 7262 
75 109 6477 
75 120 2844 
75 155 5177 
75 206 2121 
75 230 7915 
75 324 6625 
75 349 3174 
76 111 6514 
76 128 2708 
76 139 4518 
76 191 6578 
76 194 6671 
76 242 3019 
76 247 7621 
76 256 6446 
76 292 3592 
76 300 4869 
76 348 5581 
76 373 4435 
76 386 3099 
76 392 6833 
77 78 7176 
77 83 4264 
77 136 4405 
77 151 6493 
77 156 6545 
77 203 7277 
77 212 7776 
77 244 2589 
78 88 5569 
78 136 6200 
78 244 4724 
78 252 3019 
78 283 6362 
78 318 7547 
78 352 2108 
79 210 6761 
79 277 5321 
79 285 7365 
79 379 7941 
79 393 6187 
80 148 1703 
80 216 2804 
80 283 7980 
80 314 6922 
80 379 5062 
80 393 4923 
81 201 3700 
81 271 3124 
82 113 7887 
82 116 5528 
82 203 7632 
82 208 7151 
82 261 3378 
82 287 7171 
82 358 5445 
82 399 7993 
83 151 5992 
83 203 6253 
83 208 5934 
83 238 7586 
83 244 5793 
83 281 7254 
83 308 7483 
83 326 6715 
83 346 7055 
84 99 1827 
84 175 2905 
84 178 6132 
84 228 6890 
84 264 2958 
84 265 7430 
84 287 6859 
84 321 5951 
84 341 3277 
84 361 3901 
84 389 4897 
85 117 7055 
85 132 2592 
85 161 7502 
85 214 7530 
85 286 7753 
86 188 3017 
86 332 4526 
87 121 6590 
87 282 3268 
87 363 2793 
87 377 6004 
87 381 2796 
87 391 515 
88 203 7492 
88 252 5095 
88 283 3810 
88 352 3476 
88 379 6751 
89 117 7949 
89 214 4313 
89 275 1450 
89 376 3963 
90 124 6548 
90 127 5444 
90 131 2894 
90 221 7657 
90 356 7769 
90 380 6028 
91 106 5962 
91 122 6168 
91 141 1176 
91 153 6704 
91 154 5654 
91 240 7905 
91 307 6717 
91 313 1627 
91 398 7224 
92 234 5235 
92 237 5928 
93 101 4377 
93 109 816 
93 206 6575 
93 230 6482 
93 324 935 
93 331 7858 
93 347 6791 
94 153 5230 
94 154 6674 
94 174 2908 
94 295 1330 
94 303 2632 
94 316 6681 
94 398 4971 
95 123 6051 
95 176 6935 
95 190 5028 
95 193 4865 
95 207 6465 
95 290 4991 
95 319 5084 
95 329 888 
95 365 7754 
96 100 7779 
96 101 6146 
96 102 1419 
96 146 6841 
96 152 3624 
96 229 7656 
96 331 4414 
96 347 3979 
96 388 6896 
97 138 6072 
97 172 7010 
97 231 6360 
97 235 7099 
97 294 7439 
97 370 3296 
98 104 5850 
98 118 5193 
98 161 7923 
98 226 5496 
98 309 3816 
98 338 7232 
98 390 6462 
98 396 5829 
99 175 4321 
99 178 7951 
99 195 7850 
99 224 6320 
99 264 4544 
99 265 5603 
99 268 7827 
99 287 6853 
99 321 4124 
99 341 4510 
99 361 3370 
99 389 6211 
100 102 6770 
100 146 2637 
100 148 7987 
100 210 6416 
100 216 7473 
100 229 5376 
100 314 5584 
100 347 7597 
100 393 7001 
101 102 5348 
101 109 4678 
101 146 7610 
101 152 7354 
101 230 5115 
101 324 5291 
101 331 4005 
101 347 2687 
102 146 5544 
102 152 4847 
102 229 7580 
102 331 4652 
102 347 2869 
102 388 7749 
103 129 5592 
103 199 4067 
104 118 5593 
104 226 4671 
104 250 4028 
104 338 2235 
104 390 5163 
105 159 7401 
105 182 4306 
105 223 6778 
105 310 4709 
105 327 1775 
105 334 4458 
105 383 4807 
106 122 5947 
106 141 7138 
106 284 4314 
106 313 4589 
106 328 3350 
107 130 6647 
107 179 4425 
107 184 6772 
107 186 3436 
107 192 6036 
107 198 5664 
107 209 6080 
107 213 4079 
107 241 6443 
108 110 3714 
108 124 7113 
108 299 3465 
108 314 7952 
108 356 7300 
108 375 5524 
108 388 7535 
108 397 3700 
109 120 7714 
109 206 5898 
109 230 6048 
109 324 876 
109 331 7861 
109 347 7224 
109 349 7416 
110 229 6035 
110 299 3586 
110 314 6820 
110 375 7559 
110 388 3863 
110 397 1156 
111 139 2435 
111 170 5368 
111 256 7224 
111 292 5960 
111 322 7060 
111 348 6252 
112 135 7014 
112 202 5719 
112 260 2565 
112 272 5076 
112 350 6361 
113 116 2553 
113 175 7318 
113 178 6293 
113 228 3310 
113 259 7009 
113 261 5798 
113 264 7078 
113 358 2480 
113 371 1432 
114 149 7250 
114 157 5144 
114 340 7570 
115 127 6374 
115 140 3289 
115 169 2894 
115 173 6139 
115 200 7152 
115 339 4610 
116 175 6492 
116 178 7363 
116 228 4004 
116 261 3256 
116 264 6465 
116 287 7547 
116 358 1176 
116 371 3985 
117 132 4470 
117 275 6561 
118 250 7343 
118 309 6913 
118 338 5114 
119 134 7208 
119 222 5391 
119 335 6929 
119 387 3186 
120 155 6735 
120 206 1829 
120 312 6375 
120 324 7535 
120 349 5936 
121 250 7037 
121 282 3670 
121 381 5838 
121 391 6397 
122 141 6804 
122 153 6680 
122 154 3627 
122 174 7175 
122 199 6884 
122 313 6287 
122 328 7226 
122 398 7401 
123 142 4589 
123 167 7101 
123 190 2283 
123 207 6314 
123 329 6917 
124 127 4522 
124 131 4512 
124 276 5275 
124 299 6351 
124 356 2289 
124 375 2262 
125 126 3378 
125 195 7936 
125 218 7025 
125 255 7647 
125 268 7517 
125 311 7831 
125 355 1990 
126 195 7233 
126 268 7000 
126 289 6483 
126 311 7712 
126 355 4685 
126 364 4691 
127 131 2604 
127 140 5737 
127 339 7569 
127 356 6786 
127 375 6483 
128 139 7166 
128 191 4143 
128 194 6952 
128 242 1107 
128 247 4913 
128 256 7862 
128 259 7076 
128 292 5351 
128 297 5587 
128 300 4735 
128 348 7251 
128 373 2457 
128 386 1615 
128 392 4585 
130 179 5354 
130 186 4363 
130 209 6317 
130 213 4076 
130 227 3594 
130 342 2371 
131 140 7665 
131 356 6359 
131 375 6772 
132 214 7368 
132 275 7565 
132 286 7232 
133 145 5394 
133 151 7896 
133 212 6894 
133 240 5877 
133 253 6067 
133 254 7792 
133 308 6443 
134 219 5745 
135 187 5872 
135 202 3900 
135 220 7075 
135 302 4960 
135 368 4716 
136 156 5806 
136 181 5839 
136 212 7464 
136 244 4460 
136 249 5490 
136 267 7271 
136 318 6510 
137 344 6567 
137 365 5153 
138 172 3703 
138 231 5571 
138 235 1842 
138 251 6271 
138 278 7972 
139 170 6860 
139 242 7528 
139 256 5185 
139 292 5247 
139 348 4135 
139 386 7545 
140 169 4771 
140 339 1975 
141 153 6121 
141 154 5629 
141 240 7087 
141 288 7790 
141 307 5547 
141 313 2740 
141 398 6558 
142 190 3935 
143 173 5149 
143 200 5426 
143 306 7138 
143 372 6261 
143 374 4766 
144 158 6683 
144 221 7542 
144 360 6003 
145 240 3037 
145 254 7334 
145 263 7728 
145 288 7716 
145 307 6402 
146 210 4477 
146 229 7306 
146 314 7976 
146 347 5467 
147 204 4359 
147 276 5696 
147 333 5727 
147 336 6576 
148 216 1100 
148 283 7271 
148 314 7032 
148 379 3983 
148 393 3221 
149 357 3713 
150 172 6005 
150 185 3404 
150 208 6415 
150 231 7791 
150 238 2765 
150 251 4312 
150 278 7935 
150 281 3521 
150 326 2428 
150 346 1930 
150 394 3679 
150 399 3543 
151 156 5361 
151 212 4977 
151 253 7547 
151 308 1667 
152 230 7365 
152 331 3686 
152 347 6329 
152 382 6213 
152 388 7979 
153 154 3057 
153 174 5102 
153 288 6934 
153 295 4753 
153 303 7850 
153 307 6856 
153 316 6689 
153 398 727 
154 174 5049 
154 295 5646 
154 313 6663 
154 398 3775 
155 206 7105 
155 349 3977 
156 181 7061 
156 212 1664 
156 249 4752 
156 253 4094 
156 304 7411 
156 308 5989 
157 340 7812 
157 360 5120 
158 221 3129 
159 165 3989 
159 171 2836 
159 182 6040 
159 205 2086 
159 223 4257 
159 310 3672 
160 294 5982 
160 317 5782 
160 370 6941 
161 226 7285 
161 332 6396 
161 390 7508 
161 396 5862 
162 270 3187 
162 273 5440 
162 305 2641 
162 320 6625 
162 323 2088 
162 345 4556 
162 354 1218 
163 284 5365 
164 293 4984 
164 366 5755 
164 383 6829 
165 171 1163 
165 182 7607 
165 189 7701 
165 205 5040 
165 310 7588 
166 183 7577 
166 198 4464 
166 215 6462 
166 246 5207 
166 362 5019 
167 187 3723 
167 302 4137 
168 196 6469 
168 254 5977 
168 263 5287 
168 269 5030 
168 279 5523 
168 280 3899 
168 367 1201 
169 173 3898 
169 200 5329 
169 339 4956 
170 194 7316 
170 292 5408 
170 322 1743 
170 376 7897 
170 378 6909 
171 182 6839 
171 205 4073 
171 223 7043 
171 310 6425 
172 231 2554 
172 235 5428 
172 238 5100 
172 251 6550 
172 278 4481 
172 346 6274 
173 200 1673 
174 295 1609 
174 303 4692 
174 398 5254 
175 178 5106 
175 228 4491 
175 261 6433 
175 264 609 
175 287 5383 
175 341 5006 
175 358 7658 
175 361 6780 
175 389 6134 
176 193 6941 
176 233 5174 
176 290 6513 
176 301 5696 
176 319 1884 
176 329 6047 
176 359 5611 
178 228 3358 
178 264 4502 
178 341 4862 
178 371 6119 
178 389 4341 
178 400 7058 
179 186 1537 
179 213 5953 
179 342 7417 
180 218 7658 
180 232 4407 
180 236 6959 
180 255 7548 
180 256 7818 
180 296 7264 
180 348 7890 
181 249 2475 
181 267 2295 
181 304 6775 
181 318 5332 
181 372 6707 
182 205 7986 
182 223 7985 
182 310 5750 
182 327 5282 
183 215 3904 
183 246 4346 
183 362 2723 
184 198 7533 
184 241 395 
184 325 3826 
185 208 5038 
185 238 5968 
185 251 4742 
185 281 2374 
185 326 3259 
185 346 4664 
185 394 911 
185 399 1451 
186 209 7256 
186 213 4416 
186 227 7713 
186 342 6628 
187 207 7797 
187 220 5059 
187 302 918 
187 368 4930 
188 332 5211 
188 396 7097 
189 192 5570 
189 209 7673 
190 193 7848 
190 207 7604 
190 329 5911 
190 365 7205 
191 242 4763 
191 247 2554 
191 259 2960 
191 297 1972 
191 373 4997 
191 386 5248 
191 392 5366 
192 198 4362 
192 209 3466 
192 213 5136 
193 290 510 
193 319 5433 
193 329 4603 
193 344 7042 
193 359 5556 
193 365 5132 
194 242 5945 
194 292 4048 
194 300 2246 
194 322 7691 
194 373 5516 
194 376 7352 
194 386 5408 
194 392 6497 
195 248 3290 
195 265 6522 
195 268 533 
195 321 6548 
195 361 5248 
196 231 7373 
196 254 3970 
196 263 3853 
196 278 6200 
196 280 3534 
196 367 5933 
197 217 1052 
197 315 353 
197 340 6828 
197 369 7252 
197 385 3303 
198 209 7308 
198 213 7575 
198 241 7467 
200 374 7385 
201 271 5488 
201 293 6175 
201 334 6460 
201 366 5511 
202 260 5830 
202 368 7274 
203 208 4187 
203 244 6131 
203 281 7223 
203 352 7280 
203 399 7798 
204 333 2904 
204 336 2217 
205 223 3515 
205 310 4157 
205 350 7267 
206 312 7170 
206 324 5762 
206 349 5210 
207 220 6978 
207 311 5889 
207 329 6757 
208 238 7384 
208 281 3038 
208 326 4105 
208 346 5971 
208 394 5914 
208 399 3644 
209 213 2875 
209 227 5981 
209 342 7715 
210 277 4829 
210 285 6720 
210 347 7466 
211 245 1847 
211 343 7996 
211 384 4485 
211 392 7532 
212 249 5849 
212 253 2949 
212 304 7224 
212 308 5138 
213 227 5358 
213 342 6055 
214 275 4036 
214 376 7236 
214 390 7606 
215 246 1284 
215 362 2636 
216 283 6978 
216 314 7335 
216 379 3538 
216 393 2122 
217 315 1069 
217 340 7605 
217 385 4060 
218 232 3974 
218 233 7278 
218 255 5490 
218 296 3391 
218 301 5696 
218 355 5330 
219 239 5293 
219 335 7219 
220 257 3621 
220 302 5089 
220 364 7133 
220 368 2539 
221 360 7827 
221 380 6040 
222 245 7564 
222 335 7476 
222 387 2813 
223 310 2298 
223 350 7366 
223 383 7057 
224 265 1939 
224 277 6142 
224 285 3751 
224 321 2611 
224 361 7813 
225 274 3279 
225 298 4186 
225 330 7306 
225 351 4151 
226 338 6905 
226 390 968 
227 272 5720 
227 342 2749 
227 350 7978 
228 261 6217 
228 264 4102 
228 341 7165 
228 358 4826 
228 371 3742 
228 389 7254 
229 314 2077 
229 388 5118 
229 397 5069 
230 324 6920 
230 331 4219 
230 347 7073 
230 349 6134 
231 235 7411 
231 238 6047 
231 278 2563 
231 346 7480 
232 233 5925 
232 236 5806 
232 255 6949 
232 296 2877 
232 301 5006 
233 236 5030 
233 296 3968 
233 301 1670 
233 319 7034 
234 237 2989 
234 339 6168 
235 251 6141 
235 384 7460 
236 296 6325 
236 301 5886 
238 251 6557 
238 278 5517 
238 281 5181 
238 326 3518 
238 346 1495 
238 394 6387 
238 399 5644 
239 335 5042 
239 343 6702 
240 288 7007 
240 307 4800 
241 325 3740 
242 247 4972 
242 259 7588 
242 292 4857 
242 297 5915 
242 300 3705 
242 373 1500 
242 386 537 
242 392 3838 
243 320 5070 
243 382 6559 
244 252 7737 
244 352 5641 
245 384 5546 
245 392 6291 
246 362 2224 
247 259 3504 
247 297 1545 
247 300 7685 
247 373 4412 
247 384 7133 
247 386 5282 
247 392 3600 
248 265 6431 
248 268 3784 
248 289 6241 
248 312 6892 
248 321 7162 
248 361 7994 
248 364 7892 
249 253 6093 
249 267 4753 
249 304 5423 
249 318 7415 
250 338 2442 
250 377 7891 
250 381 6124 
251 281 6615 
251 326 6371 
251 346 6201 
251 394 4075 
251 399 5986 
252 283 3983 
252 318 7803 
252 352 3053 
252 374 7984 
252 379 7048 
253 304 5004 
253 308 7222 
254 263 690 
254 280 5581 
254 367 4881 
255 355 7240 
255 400 7346 
256 348 1073 
256 400 3795 
257 289 5246 
257 364 4139 
257 368 3911 
258 266 4891 
258 337 5091 
259 297 1971 
259 371 5597 
259 373 7519 
259 392 7101 
260 272 7354 
260 350 7521 
261 264 6704 
261 287 5004 
261 358 3887 
261 371 7229 
262 270 7675 
262 291 2377 
262 305 7953 
262 333 6964 
262 336 6535 
262 345 4424 
263 280 5040 
263 367 4198 
264 287 5969 
264 341 4643 
264 358 7613 
264 361 6735 
264 371 7799 
264 389 5662 
265 268 6879 
265 285 5671 
265 321 1484 
265 361 6324 
266 270 5177 
266 305 5640 
266 323 7129 
266 345 7595 
267 318 4204 
267 372 4491 
268 321 6809 
268 361 5058 
269 279 5890 
269 280 6456 
269 367 6231 
270 273 6212 
270 291 7638 
270 305 567 
270 323 3027 
270 345 3607 
270 354 3859 
272 342 7311 
272 350 4059 
273 305 5837 
273 323 3585 
273 337 6104 
273 354 4386 
274 298 3770 
274 316 6883 
274 330 4518 
274 351 3388 
275 376 5393 
276 299 6873 
276 356 3127 
276 375 4680 
277 285 2393 
278 346 7005 
279 367 6111 
280 367 4011 
280 370 7243 
281 326 1688 
281 346 3687 
281 394 3281 
281 399 986 
282 363 5702 
282 381 3978 
282 391 2937 
283 352 4997 
283 379 3465 
283 393 6773 
284 304 6859 
284 313 6899 
284 328 5386 
285 321 6224 
288 298 5676 
288 307 2719 
288 316 5739 
288 351 6118 
288 398 6504 
289 312 4526 
289 364 2707 
290 319 5069 
290 329 4641 
290 344 7017 
290 359 5078 
290 365 5605 
291 345 5222 
291 369 7985 
292 300 3423 
292 322 6640 
292 373 5528 
292 386 4500 
292 392 7644 
293 334 5857 
293 366 798 
293 383 4197 
294 317 749 
294 343 7067 
295 303 3565 
295 316 7590 
295 398 4678 
296 301 2543 
297 371 7569 
297 373 5655 
297 384 7704 
297 386 6310 
297 392 5132 
298 316 4102 
298 330 4563 
298 351 474 
299 356 5429 
299 375 4135 
299 388 6894 
299 397 4501 
300 373 3338 
300 386 3168 
300 392 4746 
301 319 7419 
302 368 4499 
303 316 7828 
303 398 7548 
305 323 2523 
305 345 3732 
305 354 3293 
306 372 5630 
307 398 6692 
309 396 3914 
310 327 6452 
310 383 6305 
311 355 6540 
312 364 7166 
313 328 7910 
314 388 6888 
314 397 5698 
315 340 7111 
315 369 7269 
315 385 3072 
316 330 4157 
316 351 4111 
316 398 5961 
317 343 6726 
318 372 4017 
318 374 5287 
319 329 4195 
319 359 5700 
320 345 7461 
320 354 7168 
320 382 7232 
321 361 5202 
322 376 6614 
322 378 6320 
323 345 5841 
323 354 1572 
324 347 7726 
324 349 7905 
326 346 2023 
326 394 4025 
326 399 2357 
327 334 3334 
327 383 4947 
330 351 4162 
331 347 4155 
333 336 3286 
334 366 5206 
334 383 3395 
335 343 3723 
335 387 5413 
338 390 7366 
340 369 6035 
340 385 7857 
341 361 3728 
341 389 1701 
343 387 7520 
344 359 6902 
344 365 7301 
345 354 5749 
346 394 5199 
346 399 4189 
348 400 4745 
356 375 1816 
358 371 3804 
360 380 7503 
361 389 5070 
363 377 6538 
363 381 5222 
363 391 2872 
366 383 3966 
369 385 5425 
372 374 5097 
373 386 1343 
373 392 2407 
377 378 2481 
377 381 4726 
377 391 6519 
378 381 6759 
379 393 3479 
381 391 3141 
384 392 7591 
386 392 3751 
388 397 3986 
389 400 7050 
394 399 2361 
