1 
400 1456 76 519526
5 
8 
19 
24 
27 
38 
40 
42 
44 
47 
57 
62 
70 
72 
85 
95 
97 
100 
109 
111 
114 
119 
130 
133 
141 
158 
161 
164 
169 
171 
176 
181 
184 
188 
202 
203 
213 
215 
218 
224 
225 
227 
228 
231 
243 
244 
250 
256 
268 
271 
275 
278 
285 
290 
313 
315 
321 
322 
326 
330 
339 
352 
353 
356 
361 
362 
363 
364 
376 
379 
382 
385 
388 
393 
394 
398 
1854 
10746 
11455 
366 
13569 
12541 
9755 
8897 
5352 
3915 
6979 
4622 
8819 
295 
13381 
6645 
464 
1821 
7821 
6203 
1853 
5364 
7569 
7811 
9212 
1426 
12880 
12482 
9721 
4910 
8138 
10242 
6187 
13540 
14582 
11725 
11663 
10204 
14176 
3224 
7947 
8465 
8431 
9547 
6286 
10965 
12220 
7768 
351 
6518 
1603 
10354 
12332 
3261 
13970 
5272 
13501 
6121 
3944 
12902 
6132 
7501 
6008 
14414 
9917 
10265 
2103 
7961 
1762 
7222 
442 
460 
1174 
1436 
12931 
8324 
1 8 4644 
1 121 6319 
1 255 5543 
1 363 3769 
1 369 7734 
1 377 7616 
1 392 6528 
2 81 2451 
2 109 4551 
2 140 3960 
2 144 6299 
2 162 7137 
2 173 4743 
2 187 5339 
2 264 7332 
2 292 1011 
2 359 7926 
3 49 6586 
3 210 4430 
3 296 4677 
3 330 7580 
3 392 7119 
4 6 6132 
4 62 6384 
4 95 2774 
4 167 6423 
4 193 4944 
4 224 6721 
4 326 5479 
4 334 7586 
4 398 4755 
5 125 7159 
5 148 6556 
5 171 6191 
5 387 5578 
6 82 5186 
6 95 6778 
6 150 7625 
6 334 5255 
6 398 7720 
7 55 5170 
7 78 3126 
7 172 5295 
7 208 6279 
7 219 7560 
7 310 4365 
7 331 2917 
7 367 2769 
8 51 5339 
8 71 7363 
8 121 7109 
8 143 6863 
8 163 7754 
8 255 2674 
8 363 3400 
8 377 7328 
9 85 4145 
9 153 7162 
9 214 2639 
9 246 5876 
9 266 4892 
9 278 1365 
9 307 5660 
9 381 3098 
9 388 3891 
10 16 906 
10 109 3822 
10 123 4094 
10 158 3842 
10 162 1492 
10 173 4864 
10 237 6040 
10 264 5072 
10 273 2558 
10 364 7929 
11 31 5315 
11 91 2482 
11 99 2778 
11 335 2469 
11 376 6195 
11 383 4997 
11 391 6616 
12 43 6515 
12 54 2860 
12 154 5913 
12 194 4885 
12 236 2097 
12 290 4254 
13 69 5151 
13 80 7573 
13 155 5819 
13 316 7891 
14 24 5505 
14 156 5725 
14 261 4161 
15 21 7672 
15 52 7561 
15 74 4799 
15 120 4677 
15 204 875 
15 276 4366 
15 349 5821 
16 109 4601 
16 123 3978 
16 158 3097 
16 162 2394 
16 173 5770 
16 237 5186 
16 264 5847 
16 273 2298 
16 357 7516 
16 364 7350 
17 82 3284 
17 230 7477 
17 339 4925 
18 102 3790 
18 146 1723 
18 158 6581 
18 186 7871 
18 211 7589 
18 234 3540 
18 237 6024 
18 241 7653 
18 309 1908 
18 320 7121 
18 364 2183 
19 110 3668 
19 134 6891 
19 142 5834 
19 175 6016 
19 240 6093 
19 286 6830 
19 298 2954 
19 306 6307 
20 53 6454 
20 227 2568 
20 232 2171 
20 258 5361 
20 299 3990 
20 315 7199 
20 376 7013 
20 391 6564 
21 35 3947 
21 52 2189 
21 74 7906 
21 77 7362 
21 120 5397 
21 150 3657 
21 204 7329 
21 244 6827 
21 285 1638 
21 303 4251 
21 334 6340 
21 339 6247 
21 349 2290 
22 125 7927 
22 176 2964 
22 301 4026 
22 355 7360 
23 27 546 
23 229 6567 
23 260 4767 
23 289 3559 
23 308 2270 
23 327 1659 
23 396 4390 
24 63 3083 
24 261 1783 
24 346 4112 
25 139 361 
25 164 6964 
25 220 2001 
25 293 7528 
25 365 5605 
25 384 6927 
26 41 7285 
26 205 7857 
26 282 4257 
27 229 7030 
27 260 5227 
27 289 3955 
27 308 1855 
27 327 2123 
27 396 4281 
28 209 5206 
28 212 4978 
28 355 6616 
29 30 6565 
29 56 6928 
29 128 2188 
29 136 7528 
29 252 5919 
29 257 4372 
29 318 1172 
30 56 6885 
30 77 6669 
30 128 6761 
30 135 2282 
30 293 5465 
30 318 7493 
31 66 4948 
31 91 7770 
31 99 2715 
31 168 4933 
31 178 3320 
31 231 5146 
31 335 2893 
31 383 4864 
32 42 1355 
32 64 3918 
32 97 4864 
32 111 4056 
32 129 2455 
32 177 6093 
32 247 6906 
32 282 7824 
32 361 4020 
33 90 5491 
33 126 7740 
33 133 5216 
33 290 7434 
34 96 5226 
34 164 1240 
34 291 7331 
34 337 3016 
34 365 7884 
35 52 4460 
35 77 5444 
35 95 7649 
35 150 3123 
35 244 3113 
35 285 2431 
35 303 2234 
35 334 3961 
35 349 5827 
35 398 6067 
36 75 7127 
36 145 5138 
36 161 4262 
36 198 7121 
36 217 5605 
36 332 7557 
36 342 7666 
36 350 2371 
37 62 3904 
37 167 3307 
37 174 4073 
37 193 3337 
37 220 7460 
37 265 7392 
37 326 2810 
37 384 2022 
38 39 4642 
38 44 4479 
38 122 1031 
38 147 5037 
38 153 7168 
38 180 6280 
38 182 5185 
38 216 3550 
38 319 5641 
39 44 7426 
39 122 3940 
39 147 7422 
39 216 6883 
39 294 7576 
40 80 4328 
40 189 2981 
40 229 7578 
40 269 6637 
40 305 5121 
40 316 3865 
40 359 6272 
41 205 4056 
41 268 4141 
41 282 7374 
41 333 7787 
42 64 3336 
42 97 6217 
42 111 2987 
42 129 3046 
42 177 6438 
42 247 7992 
42 360 7733 
42 361 3008 
43 46 3835 
43 84 7747 
43 138 7677 
43 233 7083 
43 290 7815 
43 302 4064 
43 351 3879 
43 394 5223 
44 122 5406 
44 153 2698 
44 216 984 
44 319 1229 
44 388 4835 
45 113 7340 
45 208 7345 
45 250 5615 
45 331 7215 
45 367 7103 
46 65 4711 
46 68 5408 
46 84 3965 
46 138 3872 
46 233 7609 
46 297 7613 
46 302 5130 
46 351 6966 
46 368 6312 
46 394 2489 
47 53 5950 
47 227 6755 
47 232 7306 
47 258 3895 
47 383 7647 
48 50 7610 
48 57 1684 
48 249 6996 
49 73 6850 
49 83 3072 
49 210 5852 
49 296 3911 
49 329 7454 
49 330 6517 
49 378 5556 
50 57 5999 
51 71 2059 
51 121 7010 
51 136 7688 
51 143 5478 
51 226 3356 
51 252 6973 
51 255 7535 
51 259 7031 
51 363 5507 
51 377 5864 
52 77 5922 
52 120 6651 
52 150 5461 
52 204 6998 
52 244 6620 
52 285 2273 
52 303 3569 
52 334 7810 
52 349 1830 
53 227 6595 
53 232 6858 
53 258 2801 
53 379 6629 
53 400 4908 
54 117 5983 
54 154 6126 
54 194 2030 
54 236 1448 
54 290 3692 
55 101 6795 
55 118 5216 
55 172 2287 
55 219 2826 
55 228 7193 
55 248 7879 
55 310 6122 
55 325 4626 
55 353 6237 
55 367 7696 
55 371 5360 
56 222 6433 
56 257 7597 
56 293 3328 
56 318 6781 
56 365 3359 
58 100 5728 
58 115 7131 
58 149 5522 
58 170 4208 
58 256 4347 
58 263 7216 
58 274 7548 
58 283 6202 
58 325 7478 
58 336 7608 
58 371 6818 
58 395 6972 
59 101 6258 
59 108 2493 
59 114 5842 
59 190 6067 
59 228 7851 
59 248 5972 
59 310 5777 
59 312 874 
59 321 2817 
60 142 6794 
60 178 7768 
60 196 6290 
60 199 2013 
60 324 5030 
61 70 2644 
61 73 6018 
61 89 3581 
61 166 6532 
61 257 5184 
61 281 7255 
61 295 6611 
61 318 7665 
61 366 4352 
61 369 7632 
61 374 3365 
62 95 6676 
62 139 7913 
62 167 5290 
62 174 7659 
62 193 2905 
62 220 6326 
62 326 3117 
62 384 3886 
62 398 7647 
63 261 4180 
63 294 5407 
63 346 2478 
64 97 7662 
64 111 1636 
64 129 2877 
64 177 4222 
64 192 5645 
64 247 7627 
64 360 7868 
64 361 5615 
65 68 1342 
65 84 896 
65 138 874 
65 297 4884 
65 368 6230 
65 394 4236 
66 99 6957 
66 132 7292 
66 168 1205 
66 178 4554 
66 207 7238 
66 231 424 
66 263 7982 
66 335 7590 
66 383 6578 
67 328 4900 
67 345 3060 
68 84 2138 
68 138 2013 
68 197 6982 
68 215 7868 
68 297 3567 
68 368 5378 
68 394 5404 
69 80 6643 
69 155 4358 
69 229 7635 
69 260 7407 
69 289 6869 
69 305 6456 
69 316 7117 
70 89 944 
70 166 5585 
70 201 7101 
70 222 6409 
70 257 4289 
70 281 5786 
70 318 7393 
70 366 2089 
70 374 5993 
71 143 5806 
71 226 1409 
71 252 6364 
71 259 5382 
71 363 7438 
71 377 6879 
72 107 7697 
72 197 6061 
72 215 6280 
72 242 6028 
72 272 5979 
72 304 1586 
72 322 7389 
72 368 7559 
73 83 6885 
73 121 7500 
73 136 7818 
73 210 6328 
73 295 1835 
73 296 5675 
73 369 5409 
73 374 2670 
74 120 2512 
74 204 5487 
74 276 725 
74 339 6318 
74 348 5318 
74 349 7304 
75 86 6385 
75 159 3415 
75 165 4564 
75 198 6420 
75 217 6099 
75 251 7602 
75 332 4688 
75 358 6790 
76 106 5907 
76 116 3110 
76 317 1747 
76 399 4248 
77 135 4698 
77 244 4089 
77 285 5985 
77 303 3435 
77 349 7720 
78 172 7699 
78 208 3153 
78 310 6668 
78 331 1365 
78 367 2707 
79 143 7813 
79 259 7391 
79 360 7548 
80 189 6808 
80 229 5643 
80 260 7011 
80 289 7825 
80 305 2156 
80 316 478 
81 109 6985 
81 140 2299 
81 144 4161 
81 173 6708 
81 187 5351 
81 271 6425 
81 292 2833 
81 359 6819 
82 150 7128 
82 334 6624 
82 339 5597 
83 166 7574 
83 296 6428 
83 329 6831 
83 374 7335 
83 378 3075 
84 138 241 
84 297 5559 
84 302 7699 
84 368 6436 
84 394 3341 
85 214 3656 
85 246 7700 
85 266 6649 
85 278 3438 
85 307 7575 
85 314 7370 
85 344 5257 
85 381 3789 
85 388 7995 
86 105 7966 
86 159 3479 
86 165 6434 
86 188 7337 
86 332 3858 
86 358 1175 
87 92 5230 
87 206 4636 
88 107 4942 
88 154 3780 
88 242 3038 
88 370 1758 
89 166 5379 
89 175 7853 
89 201 6161 
89 222 5670 
89 257 4470 
89 281 5344 
89 306 7623 
89 318 7660 
89 366 1465 
89 374 6915 
90 233 7352 
90 302 7620 
90 351 5529 
91 99 5137 
91 335 4950 
91 376 5042 
91 383 6403 
91 391 5673 
92 206 6355 
93 241 7050 
93 380 3273 
94 104 2379 
94 112 6876 
94 183 4468 
94 284 6778 
95 193 6432 
95 244 6193 
95 326 7040 
95 334 6072 
95 398 1983 
96 110 7842 
96 164 6223 
96 196 4269 
96 240 7959 
96 324 4180 
96 337 4506 
97 129 4808 
97 177 6935 
97 205 5895 
97 247 4146 
98 119 4306 
98 275 7151 
98 286 6763 
98 382 7999 
99 168 7268 
99 178 6006 
99 231 7256 
99 335 1074 
99 376 7361 
99 383 3460 
99 391 7520 
100 170 5165 
100 219 7462 
100 325 6427 
100 336 7760 
100 371 5596 
100 395 3268 
101 114 3551 
101 118 4082 
101 141 4255 
101 190 7926 
101 228 1897 
101 239 6791 
101 248 1108 
101 310 4696 
101 312 5892 
101 321 6488 
101 353 2368 
102 146 5023 
102 234 7307 
102 241 5706 
102 309 2567 
102 364 4895 
103 131 6844 
103 155 7169 
103 185 7192 
103 270 5333 
104 112 5012 
104 183 6332 
104 284 4849 
105 124 7737 
105 179 4572 
105 184 5692 
105 267 5814 
105 332 7820 
106 116 3112 
106 157 5533 
106 192 6146 
106 254 4910 
106 317 5663 
106 362 5048 
106 399 2507 
107 235 7767 
107 242 2664 
107 272 7043 
107 370 5122 
107 382 5697 
108 190 7938 
108 250 6276 
108 310 6784 
108 312 2599 
108 321 4806 
109 123 4526 
109 158 7661 
109 162 2875 
109 173 2900 
109 187 7279 
109 264 5067 
109 273 4319 
109 292 4610 
110 142 3162 
110 196 4690 
110 240 5319 
110 298 1824 
110 306 7205 
110 324 6778 
111 129 3986 
111 177 5859 
111 192 6868 
111 311 7690 
111 360 6276 
111 361 4423 
112 160 7431 
112 189 6462 
112 229 7479 
112 269 6352 
112 284 292 
113 127 7750 
113 181 3750 
113 223 6976 
113 308 6633 
113 396 3959 
114 118 6629 
114 141 4391 
114 190 4669 
114 228 3600 
114 239 3850 
114 248 2445 
114 310 7440 
114 312 5990 
114 321 4473 
114 353 4722 
115 149 1826 
115 152 5792 
115 170 4705 
115 256 3796 
115 283 940 
115 336 3860 
115 397 7800 
115 400 4670 
116 157 7671 
116 177 6858 
116 192 6466 
116 254 7455 
116 317 2552 
116 362 6888 
116 399 2731 
117 154 5652 
117 194 5202 
117 236 5981 
117 370 7312 
117 379 6989 
118 132 6891 
118 141 3700 
118 172 7365 
118 219 6197 
118 228 3031 
118 248 4690 
118 274 7300 
118 310 7254 
118 325 5468 
118 353 1929 
118 371 6225 
119 275 3118 
119 286 6529 
119 329 7893 
119 382 5659 
120 150 7369 
120 204 5016 
120 276 2960 
120 285 7025 
120 339 5001 
120 348 7795 
120 349 5000 
121 136 2558 
121 252 6922 
121 295 5680 
121 363 3766 
121 369 2410 
121 374 7945 
121 377 1830 
122 147 4572 
122 180 6534 
122 182 5211 
122 216 4511 
122 319 6527 
122 386 7952 
123 158 6380 
123 162 4833 
123 173 7181 
123 237 7555 
123 273 1702 
123 292 7999 
124 145 6534 
124 184 2898 
124 262 1372 
124 342 4283 
124 373 2286 
125 245 6855 
125 277 4896 
125 341 6593 
125 356 7067 
126 133 2570 
126 137 7846 
126 194 6746 
126 290 7042 
127 181 4023 
127 185 6738 
127 223 3700 
128 136 6046 
128 252 3731 
128 257 6059 
128 318 3130 
128 377 7244 
129 177 3646 
129 192 6981 
129 247 5187 
129 361 6054 
130 211 7676 
130 234 6755 
130 237 6463 
130 294 7088 
130 352 3764 
130 357 3277 
131 185 6659 
131 270 2805 
131 313 3934 
132 141 5567 
132 168 7812 
132 228 7713 
132 231 7215 
132 263 2613 
132 274 1743 
132 353 7457 
133 194 7843 
133 290 6577 
134 166 4717 
134 175 3120 
134 281 3996 
134 286 3916 
134 306 5631 
134 366 7807 
135 244 6139 
135 293 6824 
135 303 7553 
136 252 5059 
136 295 6210 
136 318 7704 
136 363 6071 
136 369 2585 
136 374 7372 
136 377 1979 
137 379 7540 
137 397 4909 
137 400 7839 
138 297 5373 
138 302 7756 
138 368 6196 
138 394 3409 
139 164 7316 
139 220 1640 
139 293 7381 
139 365 5650 
139 384 6649 
140 144 2470 
140 187 7629 
140 271 4845 
140 292 3722 
140 359 4533 
141 228 2393 
141 239 4707 
141 248 3905 
141 263 7942 
141 274 6801 
141 353 2731 
142 196 4181 
142 298 4969 
142 324 5652 
143 226 5720 
143 255 7198 
143 259 6142 
143 311 7813 
144 271 2381 
144 292 6174 
144 359 4188 
145 161 5399 
145 184 5222 
145 262 5583 
145 332 7664 
145 342 2579 
145 350 5831 
145 373 4317 
146 158 7788 
146 186 6546 
146 211 6038 
146 234 3128 
146 237 6748 
146 241 7585 
146 309 2555 
146 320 5447 
146 364 3486 
147 160 5781 
147 180 4216 
147 182 2473 
147 269 7732 
147 347 4787 
147 386 3443 
147 393 5378 
148 171 1473 
148 188 5941 
148 288 5773 
148 387 4287 
148 389 5731 
149 152 5677 
149 170 2923 
149 256 3150 
149 283 1156 
149 336 3255 
149 395 6743 
149 400 6348 
150 244 6006 
150 285 3329 
150 303 5086 
150 334 2852 
150 339 5256 
150 349 5943 
150 398 7620 
151 191 6353 
151 218 3367 
151 238 7185 
151 300 5579 
152 170 5888 
152 283 6180 
152 336 2539 
152 395 6240 
152 397 6962 
153 214 7931 
153 216 3624 
153 246 6477 
153 266 6602 
153 278 7677 
153 319 1705 
153 388 3417 
154 194 7187 
154 236 4885 
154 242 6816 
154 370 3559 
156 291 3483 
156 337 7806 
157 254 1325 
157 338 6631 
157 348 7688 
157 362 1007 
157 399 5046 
158 162 5103 
158 234 6151 
158 237 2435 
158 264 7572 
158 273 4760 
158 357 5796 
158 364 4403 
159 165 3370 
159 188 7961 
159 251 7276 
159 332 4160 
159 358 3540 
159 389 7961 
160 180 7643 
160 182 6821 
160 189 5880 
160 269 2120 
160 284 7681 
160 347 2253 
160 386 2337 
160 393 720 
161 342 7002 
161 350 2347 
162 173 3379 
162 237 7416 
162 264 3795 
162 273 3611 
162 292 7375 
163 169 5841 
163 255 5286 
163 279 7031 
164 291 6699 
164 337 3063 
164 365 7389 
165 188 7675 
165 251 3911 
165 332 7421 
165 358 6003 
165 389 5991 
166 175 5132 
166 281 1469 
166 306 6701 
166 366 4043 
166 378 6793 
167 174 3392 
167 193 2677 
167 224 5193 
167 265 5251 
167 326 2227 
167 384 5304 
168 178 3740 
168 207 6169 
168 231 882 
168 335 7754 
168 383 7405 
169 279 1554 
169 392 6987 
170 256 4669 
170 283 4066 
170 336 3518 
170 395 4114 
171 188 5407 
171 288 6239 
171 387 2861 
171 389 4397 
172 219 2589 
172 310 7665 
172 325 5117 
172 371 5599 
173 187 4926 
173 264 2680 
173 273 6509 
173 292 5365 
174 193 5738 
174 224 6799 
174 265 3597 
174 326 5155 
174 384 5738 
175 201 5811 
175 240 5274 
175 281 3740 
175 286 6468 
175 298 6332 
175 306 2512 
175 366 6492 
176 301 2412 
176 355 6548 
177 192 4158 
177 247 4652 
177 317 6720 
178 199 7546 
178 207 6868 
178 231 4464 
178 335 5957 
178 383 7869 
179 195 4174 
179 267 2742 
179 354 7178 
180 182 1771 
180 216 7943 
180 347 7829 
180 386 5828 
180 393 7628 
181 223 3857 
181 308 7185 
181 396 5804 
182 216 7549 
182 347 6562 
182 386 4707 
182 393 6654 
183 307 5105 
184 262 3263 
184 342 4017 
184 373 2738 
185 270 4072 
186 211 7544 
186 213 4810 
186 225 6621 
186 241 6038 
186 243 7180 
186 280 5811 
186 309 6916 
186 320 3140 
186 385 6121 
187 264 5783 
187 292 6350 
188 288 3977 
188 358 6164 
188 387 6283 
188 389 4014 
189 269 3770 
189 284 6514 
189 305 6819 
189 316 6402 
189 347 7897 
189 359 6666 
189 393 6509 
190 239 5398 
190 248 6903 
190 312 6774 
190 314 6134 
190 321 3252 
190 344 4828 
191 218 6675 
191 300 7995 
191 352 7357 
192 317 7802 
193 224 6793 
193 265 7923 
193 326 611 
193 384 4708 
194 236 3285 
194 290 4344 
195 267 4840 
195 354 6028 
196 240 7621 
196 298 6012 
196 324 2138 
197 215 1467 
197 297 3492 
197 304 4496 
197 368 3962 
198 217 1534 
199 324 6790 
200 214 6122 
200 246 2947 
200 266 3609 
200 278 7327 
201 222 3688 
201 240 4221 
201 281 6782 
201 298 7963 
201 306 3677 
201 366 5742 
202 287 7811 
202 322 4116 
202 372 6986 
203 225 5686 
203 345 7971 
204 276 5116 
204 349 5331 
205 268 5692 
205 282 5597 
205 333 7264 
207 231 6818 
207 239 5606 
207 314 4825 
208 331 3895 
208 367 5211 
209 212 598 
209 245 5631 
209 341 5810 
209 356 5537 
209 390 4255 
210 295 6794 
210 296 1959 
210 392 5459 
211 234 5336 
211 280 7446 
211 320 4431 
211 352 5838 
212 245 5137 
212 341 5347 
212 355 7890 
212 356 5198 
212 390 4090 
213 225 5516 
213 243 2654 
213 280 2565 
213 320 5575 
213 385 1314 
214 246 4148 
214 266 3076 
214 278 1316 
214 381 5012 
214 388 5328 
215 297 4301 
215 304 4703 
215 368 5421 
216 319 2211 
216 388 5307 
217 350 6493 
218 280 6349 
219 325 2555 
219 353 7780 
219 371 3012 
220 293 6871 
220 365 6085 
220 384 5550 
221 264 5766 
222 240 7681 
222 257 5592 
222 306 7286 
222 318 7676 
222 365 7714 
222 366 6161 
224 262 7187 
224 265 5215 
224 326 6731 
224 342 7277 
224 373 7555 
225 243 5120 
225 385 5787 
226 252 7001 
226 259 4022 
227 232 560 
227 258 4484 
227 299 4640 
227 376 4963 
227 391 4371 
228 239 5805 
228 248 1889 
228 310 6471 
228 312 7597 
228 321 7546 
228 353 1127 
229 260 1803 
229 284 7223 
229 289 3207 
229 305 3487 
229 316 5835 
229 327 4911 
230 267 6846 
230 323 1517 
230 354 6669 
231 335 7851 
231 383 6985 
232 258 4899 
232 299 4114 
232 315 7730 
232 376 5038 
232 391 4507 
233 302 3023 
233 351 5233 
233 394 6000 
234 237 4353 
234 309 5294 
234 320 7029 
234 352 7753 
234 357 6095 
234 364 3238 
235 272 2525 
235 275 7038 
235 322 5893 
235 372 2678 
235 375 6225 
235 382 5229 
236 290 4670 
237 273 6198 
237 309 7870 
237 357 3795 
237 364 4009 
238 265 6400 
238 300 1628 
239 248 5769 
239 314 6178 
239 321 7200 
239 353 6774 
240 298 3854 
240 306 3034 
241 309 5769 
242 272 7556 
242 304 7375 
242 370 4073 
243 280 4372 
243 345 7306 
243 385 1613 
244 285 5195 
244 303 3093 
244 334 5569 
244 398 4248 
245 277 5300 
245 341 504 
245 355 6070 
245 356 1968 
245 390 3433 
246 266 1073 
246 278 5077 
246 388 5791 
247 317 6627 
248 310 5497 
248 312 5756 
248 321 5751 
248 353 2793 
249 343 5156 
251 328 6149 
251 387 7420 
251 389 5994 
252 318 6815 
252 369 7642 
252 377 5174 
253 338 5333 
253 340 2098 
253 348 6406 
254 338 7112 
254 348 6793 
254 362 1945 
254 399 5050 
255 363 5840 
256 283 2951 
256 336 6379 
256 400 6365 
257 318 3201 
257 366 5913 
257 374 7870 
258 391 7827 
258 400 7380 
260 289 1489 
260 305 4902 
260 308 7037 
260 316 7277 
260 327 3109 
261 346 4155 
262 342 3137 
262 373 1297 
263 274 1171 
264 273 7406 
265 300 7668 
265 326 7473 
266 278 4023 
266 381 7817 
266 388 5341 
267 323 6925 
267 354 4965 
268 333 4174 
269 284 6555 
269 347 4258 
269 359 7618 
269 386 4336 
269 393 2784 
270 313 6729 
271 359 4925 
272 304 7232 
272 322 4726 
272 372 2749 
272 375 7994 
272 382 6582 
273 357 7364 
275 329 5663 
275 382 3960 
276 339 7033 
276 348 5116 
276 349 7494 
277 328 6808 
277 341 4807 
277 356 4080 
277 390 5292 
278 307 6880 
278 381 3815 
278 388 4689 
279 392 5681 
280 320 5066 
280 385 2797 
281 286 7843 
281 306 5235 
281 366 3887 
282 361 7314 
283 336 3974 
283 395 7885 
283 400 5201 
285 303 2693 
285 334 5537 
285 339 7262 
285 349 3408 
287 330 4083 
287 343 3839 
287 372 7439 
287 375 3212 
288 389 7382 
289 305 5840 
289 308 5806 
289 327 1948 
289 396 7710 
290 351 7383 
291 337 4777 
292 359 7267 
293 365 3933 
294 346 5133 
294 352 7640 
295 296 6650 
295 369 3695 
295 374 3393 
295 377 7177 
296 392 7415 
297 304 7833 
297 368 3676 
298 306 5405 
299 315 3632 
299 376 5888 
299 391 5886 
301 355 4140 
302 351 3245 
302 394 4359 
303 334 6181 
303 349 5331 
303 398 7133 
304 322 7770 
304 368 6417 
305 316 2378 
305 327 7781 
306 366 6535 
307 344 7871 
307 381 3789 
307 388 6963 
308 327 3929 
308 396 2992 
309 320 6952 
309 364 3902 
310 312 4941 
310 321 7820 
310 331 5622 
310 353 6423 
310 367 4327 
311 360 1491 
311 361 6781 
312 321 3558 
312 367 7817 
314 344 7883 
315 370 7626 
317 399 4734 
319 388 4582 
320 385 6755 
321 344 6016 
322 372 3335 
322 375 7446 
323 354 5667 
325 353 7346 
325 371 848 
326 384 4334 
327 396 5782 
328 345 7798 
328 356 7661 
328 390 6784 
329 330 5401 
329 375 6066 
329 378 4896 
330 343 6988 
330 375 3616 
331 367 1404 
332 358 4928 
334 339 7102 
334 398 5476 
335 376 7911 
335 383 4517 
336 395 5243 
338 340 5228 
338 348 7451 
338 362 7449 
339 349 7595 
340 348 4311 
341 355 6543 
341 356 1559 
341 390 3206 
342 373 2001 
343 375 7051 
344 381 5619 
347 386 2056 
347 393 1533 
351 394 7145 
352 357 6871 
356 390 1936 
357 364 7378 
358 389 7948 
360 361 5971 
362 399 4200 
363 369 5984 
363 377 4369 
366 374 7476 
369 374 5548 
369 377 3550 
372 375 5547 
372 382 7901 
376 383 5844 
376 391 763 
379 400 7794 
381 388 6360 
383 391 5650 
386 393 1988 
387 389 3212 
397 400 7650 
