1 
100 317 33  803300
1 
5 
7 
8 
10 
13 
16 
19 
20 
22 
30 
31 
32 
33 
42 
43 
49 
51 
53 
57 
58 
59 
61 
64 
67 
74 
78 
80 
86 
90 
92 
94 
99 
97615 
86921 
73789 
35009 
75638 
46710 
83192 
59700 
96925 
19830 
58358 
43526 
29188 
93145 
60676 
24834 
75078 
59647 
18005 
86615 
83903 
58149 
98961 
58750 
52302 
28510 
93352 
79968 
47067 
31498 
83801 
76278 
97187 
1 40 50955 
1 49 80882 
1 86 95574 
2 15 55141 
2 17 50716 
2 37 56058 
2 78 73811 
3 13 72432 
3 59 28517 
3 64 25813 
3 73 42504 
3 78 78528 
4 27 88501 
4 28 20826 
4 32 92522 
4 55 70882 
4 78 46015 
4 98 48000 
5 25 7989 
5 40 15518 
5 41 75654 
5 55 27793 
5 61 49552 
5 65 64707 
5 69 4864 
5 84 50969 
5 92 26824 
6 8 77125 
6 13 71749 
6 17 91625 
6 24 15746 
6 35 76437 
6 38 82181 
6 45 33366 
6 53 7832 
6 64 8882 
6 93 24212 
7 62 57266 
7 74 29066 
7 75 27896 
7 76 21803 
7 81 62798 
8 12 23646 
8 51 90632 
8 90 64966 
9 34 64833 
9 79 49919 
9 82 69169 
9 99 70689 
10 22 44019 
10 25 50902 
10 49 27202 
10 87 30165 
11 39 90219 
11 43 49429 
11 74 61589 
12 30 1643 
12 45 18597 
12 48 56730 
12 54 15237 
12 67 75710 
12 70 97342 
12 79 18908 
12 91 31803 
13 19 74327 
13 26 9411 
13 30 11796 
13 53 94275 
13 70 21553 
13 77 81768 
13 93 61666 
14 16 51745 
14 70 32815 
15 26 40324 
15 52 72445 
15 73 66985 
15 84 87529 
16 19 17014 
16 26 45963 
16 41 78660 
16 54 163 
16 69 59513 
16 75 68412 
16 97 83485 
17 51 40277 
17 53 36910 
17 62 26717 
17 75 47197 
17 93 30229 
18 23 85866 
18 30 21696 
18 50 4513 
18 53 1344 
18 69 69365 
18 75 29609 
19 20 60801 
19 32 39396 
19 36 72518 
19 51 74289 
19 63 65776 
19 73 17884 
19 83 86195 
20 32 68669 
20 52 93634 
20 58 20200 
20 60 88869 
20 61 10617 
20 76 16987 
20 81 96418 
20 99 1208 
21 23 19444 
21 27 28192 
21 89 26158 
22 33 9416 
22 50 33043 
22 84 86729 
22 92 79017 
22 94 29394 
23 54 10275 
23 59 94224 
23 63 8623 
23 66 29571 
23 76 34843 
23 79 2753 
23 91 44239 
24 25 53440 
24 27 88284 
24 32 46602 
24 41 76433 
24 54 41579 
24 64 92191 
24 76 41898 
24 83 16559 
24 96 94711 
25 45 72505 
25 52 90821 
25 73 16779 
25 100 21227 
26 40 66199 
26 51 75335 
26 52 52507 
26 87 51797 
26 99 96725 
27 28 2930 
27 45 32403 
27 83 33630 
27 89 49865 
28 35 60761 
28 38 57041 
28 67 73455 
28 76 99792 
28 95 55140 
28 96 67397 
29 47 57708 
29 56 23504 
29 69 4388 
29 92 40091 
30 34 55667 
30 45 30301 
30 60 17474 
30 62 73142 
30 70 64889 
30 72 95191 
30 75 10708 
30 79 85092 
30 86 32277 
30 97 73484 
31 33 39702 
31 67 80999 
31 84 32401 
31 87 39141 
31 93 92341 
32 37 70788 
32 43 27715 
32 55 48071 
32 80 51108 
32 89 14335 
32 98 97231 
33 39 77538 
33 48 89355 
33 57 10739 
33 72 89290 
34 51 34101 
34 72 86296 
34 80 79065 
34 94 46513 
34 98 88499 
35 68 14929 
35 69 44052 
35 70 85694 
35 90 77915 
35 98 67667 
36 60 53561 
36 71 14246 
36 81 41184 
36 90 71702 
37 71 88238 
38 74 51285 
38 85 12804 
39 58 43900 
39 61 27852 
39 71 31144 
39 82 99210 
39 85 75784 
39 99 62017 
40 45 91421 
40 46 24831 
40 48 24042 
40 61 54513 
40 67 26965 
40 83 16053 
41 84 75291 
41 90 91318 
42 47 63338 
42 50 81608 
42 54 85091 
43 57 39235 
43 64 11364 
43 65 17894 
43 68 59871 
43 76 94282 
44 47 59111 
44 49 53394 
44 52 70888 
44 70 50661 
44 92 21300 
45 66 64281 
45 67 44508 
45 72 65880 
45 75 51744 
45 83 12911 
46 58 25583 
46 63 76945 
46 97 18869 
47 57 74764 
47 82 74293 
48 62 74566 
49 53 48464 
49 78 4942 
49 99 35387 
50 85 11692 
50 91 76548 
50 99 20396 
51 64 10533 
51 93 49468 
52 63 55865 
52 90 26553 
52 92 82419 
52 100 73138 
53 58 44210 
53 67 43776 
53 87 63667 
53 94 78200 
54 92 98330 
54 96 80611 
55 75 80483 
55 83 22869 
56 88 99289 
57 68 52974 
57 97 77696 
58 62 10039 
58 68 95095 
58 80 59085 
58 82 36781 
59 82 468 
59 94 97898 
60 65 54646 
60 90 4520 
60 95 89136 
61 67 73565 
61 74 87237 
61 85 64627 
61 94 68801 
61 95 73777 
62 66 42755 
62 87 99828 
62 94 50007 
63 93 62647 
64 73 7813 
65 66 40824 
65 88 98930 
65 98 18018 
66 81 99006 
66 83 42734 
66 95 53011 
68 75 62616 
68 84 78610 
69 83 34199 
71 91 38872 
71 98 52665 
72 82 38021 
72 97 34935 
73 96 44787 
73 100 90979 
74 100 10012 
75 84 84708 
75 99 87396 
76 91 13192 
76 95 52037 
77 85 79688 
77 93 76679 
77 95 89872 
79 82 49715 
79 90 53441 
79 91 86534 
79 95 66823 
79 99 15920 
80 86 46126 
81 92 63763 
83 92 6639 
83 93 91655 
84 91 53429 
85 95 30914 
88 89 78654 
90 95 51176 
91 92 2732 
91 100 95710 
