1 
200 587 48  1317874
1 
16 
18 
20 
21 
26 
31 
32 
36 
39 
48 
52 
57 
68 
71 
74 
77 
82 
83 
84 
98 
99 
106 
109 
112 
125 
126 
127 
128 
130 
132 
133 
135 
142 
155 
157 
159 
161 
162 
163 
171 
173 
181 
182 
187 
191 
195 
199 
99902 
81607 
21890 
35691 
2035 
81640 
42953 
71336 
17440 
22945 
75286 
95530 
76964 
38156 
17448 
46195 
3790 
70034 
55916 
74057 
51318 
49848 
7319 
17632 
53268 
3166 
56273 
93213 
67613 
74933 
99347 
2261 
55530 
45340 
63848 
69887 
72148 
27679 
89982 
50196 
12378 
49384 
26018 
17382 
32157 
17400 
65971 
48958 
1 15 53243 
1 27 44682 
1 31 81027 
1 38 28086 
1 83 20292 
1 116 50832 
1 128 75979 
1 132 59881 
1 160 34630 
1 193 82974 
1 198 28792 
2 26 9809 
2 53 56494 
2 55 66303 
2 56 68593 
2 78 580 
2 80 57075 
2 86 49802 
2 140 16372 
2 168 87374 
2 173 54379 
2 190 22433 
2 200 81873 
3 11 84670 
3 25 72156 
3 65 19449 
3 94 25759 
3 141 67658 
3 184 17707 
3 185 55378 
4 16 66650 
4 18 22028 
4 41 34615 
4 46 38368 
4 62 28501 
4 96 58855 
4 112 98478 
4 153 21662 
4 176 20711 
4 180 55266 
4 191 63080 
5 20 13375 
5 88 31191 
5 94 61303 
5 107 98036 
5 126 75927 
5 163 65851 
5 167 49055 
5 195 41153 
6 19 46923 
6 25 63675 
6 36 51341 
6 107 33412 
6 176 36928 
6 177 63429 
7 49 65514 
7 118 93152 
7 123 72606 
7 128 54797 
7 133 46917 
7 178 88098 
8 24 69150 
8 46 11012 
8 49 22433 
8 144 65847 
8 171 29798 
8 177 81009 
8 179 19705 
8 199 27468 
9 12 87411 
9 17 86929 
9 31 22538 
9 45 40838 
9 61 97267 
9 119 29409 
9 178 39056 
9 195 65594 
10 44 64996 
10 49 45406 
10 174 99236 
10 193 50073 
11 92 71624 
11 105 73831 
11 138 10206 
11 156 51660 
11 168 48514 
12 13 95308 
12 38 76159 
12 43 7394 
12 114 27958 
12 177 86186 
13 23 35040 
13 86 32108 
13 131 92162 
13 176 11639 
14 76 33256 
14 77 14894 
14 81 36664 
14 151 22918 
14 177 49713 
14 183 88157 
14 198 14627 
15 19 53222 
15 37 81306 
15 54 88896 
15 78 63410 
15 101 23735 
15 164 8992 
15 195 39585 
16 23 15006 
16 31 11198 
16 46 56628 
16 66 14171 
16 79 24089 
16 159 45320 
16 168 35345 
17 34 79440 
17 82 2812 
17 156 54352 
17 157 93411 
18 20 52307 
18 26 73370 
18 41 16158 
18 84 44617 
18 88 73710 
18 94 95656 
18 100 23986 
18 109 79603 
18 128 83536 
18 152 34041 
18 160 6491 
18 165 51832 
19 28 63310 
19 31 82736 
19 66 43107 
19 75 59738 
19 104 55700 
19 141 31642 
19 192 35053 
20 45 20109 
20 54 79895 
20 76 43904 
20 89 70252 
20 102 69703 
20 104 13607 
20 120 22013 
20 159 65591 
21 40 24167 
21 108 82788 
21 109 43986 
21 135 159 
21 138 20192 
21 194 93792 
22 37 25683 
22 147 76464 
23 24 97696 
23 36 65937 
23 86 69320 
23 129 5895 
25 74 91138 
25 80 58457 
25 88 17757 
25 112 11212 
26 34 5844 
26 47 4767 
26 56 34594 
26 86 18804 
26 136 47068 
26 137 49535 
26 150 72404 
26 179 70529 
27 73 34678 
27 84 88367 
27 134 72098 
27 155 18913 
28 53 65259 
28 78 25331 
28 101 57626 
28 150 30944 
28 180 45703 
28 190 66607 
29 86 81365 
29 162 51723 
29 180 37612 
29 196 58336 
30 55 13686 
30 75 29360 
30 85 84480 
30 90 77538 
30 171 61446 
30 190 16878 
31 49 90240 
31 110 55841 
31 122 75338 
31 156 87416 
32 76 47300 
32 104 68762 
32 109 81145 
33 155 29626 
33 166 40892 
34 44 27834 
34 71 44939 
34 72 2297 
34 78 51548 
34 107 48576 
35 36 88963 
35 41 97932 
35 74 77992 
35 91 50642 
35 122 40310 
35 197 62340 
36 76 25151 
36 80 12250 
36 95 6495 
36 157 40584 
36 180 88862 
36 192 17216 
37 42 12053 
37 70 77317 
37 125 63346 
37 131 63927 
37 157 93518 
37 186 10729 
38 105 21288 
38 161 28599 
38 169 91860 
38 170 38775 
39 70 47495 
39 100 91416 
39 115 69053 
40 95 51000 
40 175 3901 
40 179 15211 
41 87 42273 
41 109 45359 
41 151 65173 
41 191 89747 
42 62 96343 
42 68 85097 
42 74 11761 
42 136 90229 
42 168 23813 
42 181 10374 
42 196 95810 
43 65 7689 
43 114 78394 
43 163 21355 
44 59 20892 
44 88 64499 
44 172 21771 
44 177 37992 
45 110 87893 
46 103 8253 
46 119 20933 
46 127 11044 
46 144 56837 
47 70 74735 
47 75 55693 
47 81 52442 
47 89 48251 
47 102 7211 
47 154 38204 
47 161 12637 
47 171 28312 
48 51 7427 
48 52 28023 
48 70 831 
48 85 1901 
48 166 55837 
49 84 39008 
50 61 24646 
50 97 49723 
50 113 44491 
50 158 94684 
50 172 73868 
51 67 13604 
51 87 8964 
51 109 9791 
51 148 84256 
51 197 20746 
52 96 28022 
52 169 20770 
53 65 31289 
53 74 32964 
53 148 517 
53 153 91723 
53 172 17502 
54 102 70916 
54 111 89667 
54 134 71841 
54 162 60786 
54 166 93804 
54 187 89598 
54 200 83801 
55 121 85968 
56 57 38804 
56 107 8378 
56 112 58572 
56 129 96886 
56 157 12757 
56 199 67735 
57 129 55482 
57 141 70172 
57 168 96971 
57 170 67143 
57 172 98191 
57 184 55632 
58 131 85152 
58 198 36963 
59 75 71794 
59 104 26574 
59 145 84810 
59 174 34789 
59 175 50410 
59 193 31386 
60 61 52162 
60 63 2573 
60 100 16102 
60 192 30466 
61 115 67332 
61 172 88993 
61 196 96036 
62 76 33811 
62 83 62106 
63 66 11653 
63 74 7569 
63 75 12829 
63 151 91134 
63 167 59285 
63 177 12350 
64 88 45708 
64 121 15671 
64 130 34439 
64 164 39599 
65 69 78316 
65 82 26346 
65 85 49479 
65 102 80452 
65 142 7703 
66 117 25214 
66 125 61260 
66 191 62963 
66 195 94222 
67 78 75115 
67 177 51848 
68 92 69484 
68 99 41312 
68 162 71666 
69 103 54469 
69 163 17161 
69 199 62383 
70 81 63463 
70 82 98757 
70 83 77443 
70 140 87321 
70 146 36534 
70 152 41041 
70 173 52743 
71 125 40216 
71 137 9352 
72 77 71542 
72 83 588 
72 128 33293 
72 137 24160 
72 140 18497 
72 154 78062 
72 179 10569 
72 186 83239 
72 195 80296 
73 89 9886 
73 105 94769 
73 124 84498 
73 133 86740 
73 138 56137 
74 132 85292 
74 135 39625 
75 101 45300 
75 141 75338 
75 155 10071 
75 168 68883 
76 145 5819 
76 173 96447 
77 165 18883 
77 169 37461 
77 179 55404 
77 196 6068 
77 200 19162 
78 144 78699 
79 105 64473 
79 186 71328 
80 91 66308 
80 93 46863 
80 134 5907 
80 188 8946 
81 95 40346 
81 141 76234 
81 167 65778 
81 192 67460 
82 144 14238 
83 109 85929 
83 128 37298 
83 150 36567 
83 169 3646 
83 186 58238 
83 197 30887 
84 94 29631 
85 96 19044 
86 132 83796 
87 89 2929 
87 138 75060 
87 157 915 
87 167 36369 
87 179 45481 
88 111 91569 
89 164 57607 
90 109 71376 
90 116 45631 
90 142 11738 
90 187 67437 
91 110 33459 
91 128 5255 
91 136 96758 
91 138 30218 
91 151 51651 
91 153 81310 
91 158 74570 
91 185 18939 
91 187 93510 
91 188 45952 
92 152 71673 
92 180 19869 
93 99 15293 
93 139 41099 
93 150 99879 
94 112 42302 
94 113 93230 
94 138 24001 
94 140 66304 
94 160 4981 
95 168 48936 
95 200 33837 
97 148 2921 
97 170 53515 
97 194 62754 
98 143 32885 
98 159 11736 
99 137 54130 
99 168 82367 
99 197 9878 
100 156 14303 
100 176 68506 
101 158 84527 
101 179 82141 
101 195 83041 
102 136 2838 
103 140 77615 
103 191 64100 
104 120 45412 
104 127 47126 
104 133 19161 
104 165 53747 
105 121 10927 
106 110 96652 
106 167 91440 
106 185 64728 
106 186 85886 
106 197 8087 
107 113 28281 
107 155 83858 
107 166 65862 
108 129 24080 
108 147 31001 
108 184 48836 
108 190 82446 
109 126 80432 
109 128 62879 
109 161 19057 
109 187 54809 
109 197 92084 
110 158 15468 
110 200 79749 
111 149 56717 
111 190 88456 
112 176 43980 
112 191 21585 
113 138 27275 
113 145 58728 
113 172 19676 
113 186 94938 
114 143 87801 
114 165 78171 
114 167 4606 
114 198 10447 
115 156 74346 
115 172 92758 
115 197 19055 
116 120 19505 
116 147 25055 
117 122 82521 
117 154 77385 
118 192 42298 
120 174 3801 
121 175 78825 
121 193 15711 
122 153 58521 
122 166 997 
122 191 59926 
123 152 79841 
123 187 80507 
124 189 59115 
124 196 40811 
125 191 86563 
126 165 88099 
126 166 99961 
127 134 68288 
128 157 7722 
128 189 564 
129 138 40203 
129 170 53424 
131 149 12811 
132 170 39128 
133 147 43986 
133 160 56925 
133 177 41731 
133 180 94190 
133 181 15923 
134 167 4372 
134 168 450 
134 175 21487 
134 186 56791 
135 149 13009 
135 171 58223 
135 199 96787 
137 168 90498 
137 184 3303 
139 185 42043 
140 149 50649 
141 200 56779 
142 170 69852 
142 186 20483 
143 162 93495 
143 197 1492 
144 153 95737 
144 162 26366 
145 200 60629 
146 196 15709 
147 165 42870 
147 193 28112 
148 177 35040 
148 186 18419 
149 167 47945 
151 170 97330 
151 192 4229 
152 176 67038 
153 161 10208 
153 177 95937 
153 182 60467 
153 185 66797 
154 164 42531 
155 182 81911 
156 173 6332 
156 198 21955 
157 199 97641 
159 170 90864 
159 193 42523 
160 198 66226 
162 196 46255 
163 179 47947 
163 180 89756 
163 187 84942 
164 184 64881 
165 180 24096 
167 181 25663 
171 189 98459 
172 177 13924 
173 179 10215 
174 181 17413 
175 184 67119 
175 189 62641 
177 180 15941 
177 190 45870 
180 183 31903 
180 187 31576 
180 196 23267 
181 198 7634 
185 195 46375 
192 196 44449 
