1 
400 1212 120 2808440
6 
11 
12 
13 
20 
23 
27 
28 
32 
34 
42 
45 
46 
49 
54 
55 
62 
63 
66 
76 
80 
84 
85 
87 
88 
89 
93 
96 
98 
101 
105 
106 
115 
117 
122 
130 
132 
136 
139 
142 
143 
144 
146 
148 
151 
154 
155 
158 
165 
169 
177 
179 
180 
183 
187 
193 
195 
196 
201 
207 
211 
214 
216 
219 
227 
232 
233 
234 
240 
242 
244 
245 
248 
250 
252 
254 
255 
263 
271 
277 
281 
284 
285 
292 
295 
296 
298 
300 
305 
307 
312 
314 
317 
318 
319 
321 
325 
327 
328 
334 
335 
336 
339 
341 
342 
350 
354 
366 
370 
375 
380 
381 
384 
388 
389 
394 
395 
396 
399 
400 
30939 
23656 
75021 
90903 
40083 
58649 
39545 
84225 
23208 
46864 
69107 
28535 
17749 
40612 
73277 
30475 
12611 
50609 
29983 
16107 
82367 
40907 
70200 
83517 
18730 
23598 
55074 
60775 
76883 
68122 
81050 
15176 
16343 
71418 
96562 
76596 
91773 
35554 
90866 
48197 
68437 
1542 
78213 
61076 
89561 
51647 
73328 
66843 
96274 
64247 
19402 
71049 
95393 
18953 
30576 
69165 
15956 
37803 
71653 
89229 
81971 
82714 
7382 
11007 
15003 
89185 
71829 
26387 
77495 
28443 
3126 
75284 
21690 
56023 
16185 
21128 
19347 
3163 
31174 
75272 
49944 
89178 
45450 
62871 
47163 
49839 
9422 
84695 
64338 
53517 
20502 
27252 
51370 
44068 
78937 
35322 
60171 
24510 
28447 
83959 
21159 
66527 
84347 
63285 
29741 
9751 
20878 
53047 
72854 
16748 
93910 
66303 
20664 
25600 
13848 
60949 
36519 
52657 
81342 
83186 
1 35 93639 
1 43 7687 
1 103 18677 
1 128 25504 
1 173 6702 
1 307 14675 
2 193 94033 
2 252 32598 
2 339 93982 
3 29 98980 
3 44 8982 
3 189 76775 
3 206 61104 
3 231 96637 
3 238 11445 
3 244 57352 
3 253 56104 
3 382 16596 
4 60 22488 
4 132 21423 
4 183 49300 
4 242 54551 
4 389 29309 
4 391 89155 
5 17 88283 
5 121 25836 
5 179 28733 
5 220 41806 
5 246 59370 
5 248 59973 
5 267 74477 
5 315 92862 
5 337 34106 
6 16 46613 
6 107 20376 
6 187 13293 
6 221 93517 
7 84 83180 
7 153 11478 
7 193 31220 
7 395 43774 
8 71 20185 
8 78 5053 
8 125 14253 
8 132 91351 
8 241 15633 
8 291 17048 
9 29 10246 
9 52 46473 
9 100 60179 
10 245 17118 
10 258 26321 
10 395 52063 
10 398 528 
11 198 8438 
11 234 80353 
11 299 64487 
11 329 13200 
11 396 2092 
12 51 85215 
12 133 31530 
12 143 7549 
12 256 36641 
12 384 82244 
13 166 73069 
13 167 9198 
13 173 30182 
13 187 70292 
13 208 44855 
13 324 37700 
14 26 62179 
14 112 96640 
14 188 66778 
14 301 15209 
14 318 40396 
15 39 748 
15 63 52398 
15 100 75236 
15 142 85644 
15 153 63669 
15 205 14868 
15 378 47056 
16 81 32478 
16 155 7549 
16 167 71466 
16 198 97019 
17 60 13333 
17 62 58681 
17 67 9116 
17 72 87780 
17 89 70911 
17 112 32537 
17 350 68409 
18 50 94358 
18 81 27706 
18 294 50270 
18 307 53623 
18 389 56369 
19 21 71574 
19 65 54117 
19 90 13713 
19 146 50973 
19 167 99024 
19 183 45761 
19 212 81275 
19 221 98393 
19 225 39871 
19 288 71111 
19 331 17577 
20 124 43385 
20 196 35849 
20 241 85767 
20 262 56917 
20 303 10751 
20 364 15414 
20 368 31119 
20 391 72321 
21 85 4016 
21 117 18120 
21 127 21133 
21 339 50783 
21 340 44254 
21 341 6848 
22 165 52599 
22 186 45725 
22 189 9543 
22 217 45340 
22 344 18570 
22 395 78339 
23 26 24091 
23 32 67660 
23 118 31543 
23 200 41379 
23 244 97943 
23 254 75654 
23 271 52234 
23 326 68810 
23 342 61732 
24 96 75834 
24 121 10356 
24 185 57727 
24 187 53482 
24 209 19542 
24 254 16734 
24 329 65411 
24 354 88802 
24 388 81271 
25 51 80970 
25 200 57097 
25 248 97426 
25 279 27758 
25 291 1750 
25 294 14823 
25 296 62302 
25 315 60091 
25 341 31233 
25 385 9843 
25 398 16736 
26 33 48212 
26 94 60076 
26 118 32763 
26 122 48198 
26 132 70028 
26 181 70938 
26 217 59234 
26 395 26816 
27 95 41225 
27 112 386 
27 116 57646 
27 120 89655 
27 122 30880 
27 174 83661 
27 206 9368 
27 370 77428 
28 63 6412 
28 76 44388 
28 161 80699 
28 165 48822 
28 279 85365 
28 293 87930 
28 324 33619 
29 36 26674 
29 78 49955 
29 118 7776 
29 130 71342 
29 211 9473 
29 253 12459 
29 343 28175 
30 37 46460 
30 53 72227 
30 56 29864 
30 153 10612 
30 211 94077 
30 249 31465 
30 309 54665 
30 385 55990 
31 115 54236 
31 123 11165 
31 193 42523 
31 199 65666 
31 267 58450 
31 386 88051 
32 63 2559 
32 301 90625 
32 320 14937 
32 325 50812 
32 380 89482 
32 396 15561 
33 151 82285 
33 198 45945 
33 359 53680 
34 56 17970 
34 155 60978 
34 267 11287 
34 329 91347 
34 352 95901 
35 168 36087 
35 235 97598 
35 348 38164 
35 393 11115 
35 397 35705 
36 104 39289 
36 111 98939 
36 179 44954 
36 339 39678 
36 358 21589 
36 397 90679 
37 82 86574 
37 207 35698 
37 214 15003 
37 288 33946 
37 298 23694 
37 337 5031 
38 121 10432 
38 133 83520 
38 142 76275 
38 200 94499 
38 245 58595 
38 312 55058 
39 193 42838 
39 236 6593 
39 248 9967 
39 319 48390 
39 359 50619 
40 139 48577 
40 238 79570 
41 46 96049 
41 83 59806 
41 102 26866 
41 120 63143 
41 183 55274 
41 214 49406 
42 229 41459 
42 287 37273 
42 319 82095 
42 356 29409 
42 394 84613 
43 143 97081 
43 192 76063 
43 367 14664 
44 53 25998 
44 72 33122 
44 184 15121 
44 207 54099 
44 211 52615 
44 302 95059 
44 321 68820 
44 394 81961 
45 58 8471 
45 79 84332 
45 83 38225 
45 191 94544 
45 233 55383 
46 71 41024 
46 81 27909 
46 89 370 
46 212 91534 
46 284 10469 
47 103 19545 
47 111 88044 
47 145 60249 
47 282 26980 
47 307 27586 
47 335 55420 
47 399 48756 
48 67 77068 
48 95 54098 
48 131 42433 
48 197 64838 
48 215 94119 
48 252 82273 
48 278 32800 
48 279 14974 
48 292 75653 
48 320 98 
48 341 72237 
48 366 54072 
48 383 94208 
48 384 39850 
49 65 16076 
49 72 75775 
49 122 9930 
49 137 72218 
49 179 81021 
49 254 24415 
50 87 14884 
50 103 42237 
50 149 48413 
50 157 40338 
50 164 58849 
51 81 57550 
51 155 40167 
51 229 78357 
51 265 49577 
51 335 35863 
51 337 35635 
52 233 19049 
52 364 58879 
52 385 587 
53 64 75936 
53 191 93342 
53 215 58212 
54 70 94729 
54 191 46535 
54 212 6684 
54 388 27352 
54 400 32601 
55 58 5372 
55 132 72304 
55 231 10220 
55 298 16781 
55 353 50816 
56 75 54264 
56 104 65932 
56 144 22988 
56 165 37654 
56 223 57256 
56 228 53907 
56 254 38818 
56 274 97849 
56 296 75110 
56 370 57 
56 380 24524 
57 180 28308 
57 199 78194 
57 258 70313 
57 359 93255 
58 104 15123 
58 160 53385 
58 183 17665 
58 193 69769 
58 194 54126 
58 304 51804 
58 363 73032 
58 381 87474 
59 172 69965 
59 201 75334 
59 384 79317 
60 223 65032 
60 265 17443 
60 298 56382 
60 313 78147 
60 360 52527 
60 393 65607 
61 85 81685 
61 176 49528 
61 202 13098 
61 262 40480 
61 342 80872 
62 69 16714 
62 74 91023 
62 78 98489 
62 123 69481 
62 193 71311 
62 302 57501 
63 131 83158 
63 203 60686 
63 241 93579 
63 284 50250 
63 287 73161 
63 340 39487 
64 96 35196 
64 159 60983 
64 229 55300 
65 177 3168 
66 78 815 
66 97 77109 
66 169 49639 
66 296 70813 
66 373 93796 
66 396 92421 
67 313 78493 
67 343 32971 
68 75 88360 
68 76 14267 
68 90 16326 
68 114 4760 
68 147 30859 
68 150 79754 
68 219 39319 
68 243 3802 
68 280 48327 
68 371 68847 
69 187 53864 
69 206 94813 
70 81 43958 
70 116 29354 
70 141 11017 
70 241 67452 
70 286 6080 
70 368 32841 
70 383 94425 
71 106 71582 
71 220 17938 
71 275 60738 
71 281 25838 
71 310 26697 
71 368 65324 
71 397 70161 
72 180 41244 
72 205 9199 
72 213 86876 
72 258 20519 
72 385 7513 
73 160 27182 
73 240 97600 
74 124 21329 
74 189 29647 
74 364 67624 
74 369 91695 
75 157 79680 
75 188 83239 
75 190 56796 
75 200 18611 
75 204 19563 
75 327 96441 
75 394 84133 
76 149 44696 
76 155 91690 
76 277 67767 
76 322 12754 
76 327 67818 
77 84 89756 
77 153 63512 
77 388 66231 
78 99 76704 
78 118 63049 
78 139 93095 
78 249 18669 
78 266 19865 
78 291 76680 
78 342 57096 
78 346 76888 
79 202 83673 
79 210 82482 
80 210 25479 
80 336 29522 
80 396 23724 
81 167 43824 
81 350 39291 
81 393 35701 
82 182 47611 
82 224 42849 
83 166 23866 
83 193 23200 
83 219 69131 
83 265 95575 
83 311 71494 
83 394 66626 
84 109 43098 
84 131 94959 
84 150 1959 
84 379 3563 
85 292 38829 
85 294 21436 
85 322 83726 
85 341 30187 
85 389 32766 
86 154 92178 
86 244 75421 
86 283 71377 
86 284 62700 
86 305 36536 
86 382 20071 
87 106 16107 
87 222 79192 
87 256 64672 
87 279 37703 
87 330 69486 
87 375 43533 
88 194 83208 
88 314 82307 
89 141 88993 
89 240 15423 
89 303 550 
89 327 63845 
89 344 60188 
90 105 27196 
90 122 61944 
90 153 75715 
90 230 89598 
90 264 76192 
90 282 30095 
91 202 66301 
91 302 70482 
91 329 60029 
91 331 30511 
91 346 32468 
91 396 24513 
91 397 18229 
92 158 44332 
92 275 92338 
92 281 18284 
92 328 66745 
93 108 48072 
93 112 39860 
93 129 14278 
93 183 44835 
93 203 1119 
93 312 52871 
93 354 59393 
93 357 15952 
94 134 72294 
94 145 19172 
94 169 47384 
94 191 62507 
94 211 13808 
94 384 90748 
95 136 43555 
95 191 96703 
95 245 26518 
95 260 41918 
95 324 25936 
95 375 46959 
95 381 27959 
96 101 4724 
96 133 26824 
97 204 83155 
97 216 28521 
97 287 4684 
97 337 6769 
97 400 99458 
98 122 3896 
98 242 303 
98 252 69683 
98 261 1850 
98 358 2358 
98 369 38257 
98 390 87226 
98 399 36200 
99 121 35853 
99 192 56102 
99 198 79738 
99 280 45038 
99 299 46533 
99 315 74848 
99 330 73414 
99 376 87660 
99 386 23811 
100 122 38314 
100 198 11302 
100 223 16040 
101 123 22113 
101 150 49584 
101 236 63619 
101 248 79807 
101 313 17993 
102 226 34261 
102 240 53119 
102 259 52039 
102 321 19554 
102 336 19569 
103 329 8696 
103 349 80728 
104 294 55546 
105 167 15688 
105 240 20232 
105 267 17357 
105 294 31734 
105 334 4333 
105 384 11109 
105 391 66616 
106 200 56026 
106 272 52982 
106 281 37480 
106 349 45681 
106 399 34320 
107 169 88618 
107 192 92968 
107 223 99134 
107 326 16095 
107 346 92956 
108 228 57369 
108 266 70851 
108 302 73586 
108 331 15839 
109 112 22710 
109 113 30946 
109 137 57890 
109 180 60412 
110 118 39808 
110 145 73098 
110 147 12906 
110 188 24669 
110 254 84732 
110 265 39791 
110 397 30467 
111 237 54227 
111 275 49253 
111 309 11421 
111 317 80292 
111 375 46796 
111 376 44413 
112 216 46328 
112 284 55069 
112 377 67012 
114 279 20172 
114 347 98083 
114 386 55165 
115 158 6693 
115 255 27565 
115 279 70461 
115 388 6856 
116 128 45962 
116 227 63587 
116 272 15523 
116 294 28458 
117 144 67246 
117 161 58522 
117 363 5865 
117 371 67224 
118 204 77504 
118 367 40196 
118 397 64581 
119 132 20595 
119 270 21798 
119 278 75628 
119 349 20386 
120 140 93723 
120 287 31175 
120 363 58835 
120 364 7069 
121 172 43748 
121 271 25810 
121 273 12677 
121 384 90965 
122 151 47285 
122 249 97707 
122 388 83957 
123 156 97509 
123 391 45091 
124 197 33750 
125 146 52011 
125 205 84828 
125 339 87377 
126 220 59599 
126 294 81240 
126 318 29484 
126 375 7726 
127 249 64725 
127 262 20650 
127 326 13459 
128 150 74441 
128 189 35752 
128 284 37684 
128 308 11995 
128 360 82340 
129 144 45506 
129 196 97751 
129 205 6781 
129 247 93513 
129 264 34817 
129 295 18144 
129 302 87877 
129 331 17280 
130 346 9703 
130 378 68156 
131 161 13875 
131 198 38256 
131 221 93679 
131 249 66557 
131 253 55234 
131 318 61827 
131 365 44359 
131 375 62111 
132 185 95955 
132 193 67965 
132 293 68648 
132 316 42417 
132 353 87176 
133 260 18718 
133 267 56782 
133 311 63211 
134 186 80966 
134 237 27892 
134 352 13493 
135 164 4426 
135 168 30752 
135 201 58517 
135 209 31927 
135 227 14127 
135 261 22831 
136 168 83820 
137 187 1334 
137 208 62206 
137 376 42616 
138 201 54506 
138 289 28537 
139 246 71357 
139 292 91781 
139 308 22329 
139 350 53869 
139 382 64927 
139 390 14897 
140 188 13079 
140 313 96 
140 322 61197 
140 366 55329 
140 399 53368 
141 289 61962 
142 155 83081 
142 178 67341 
142 206 65444 
142 224 66446 
142 281 94103 
142 300 56156 
142 321 4565 
143 265 49827 
143 309 37786 
143 344 14981 
144 211 82870 
144 244 29456 
144 354 36587 
144 356 53424 
145 198 7569 
145 211 8141 
145 327 96748 
146 153 84298 
146 167 29457 
146 198 52711 
146 248 84344 
146 333 68599 
146 394 4410 
147 257 26037 
147 258 89463 
147 329 17597 
147 352 33327 
147 363 58336 
148 163 54706 
148 197 91605 
148 239 64363 
148 241 79979 
148 398 29357 
149 230 91100 
149 334 73778 
149 343 51702 
150 304 41393 
151 155 82680 
151 310 55222 
151 342 28522 
152 277 47854 
152 311 94203 
152 356 94456 
152 399 27123 
153 177 12203 
153 213 25373 
153 259 88839 
153 324 49615 
153 376 66758 
154 340 30196 
155 202 49043 
155 259 52834 
156 205 1331 
156 336 79162 
157 234 86700 
157 268 52622 
157 326 38638 
158 184 37894 
158 274 8511 
158 379 92255 
159 194 42549 
159 267 19047 
159 332 83594 
161 171 59747 
161 224 60273 
161 290 45050 
161 327 47751 
162 181 39142 
162 241 69616 
162 360 1167 
163 219 42175 
163 301 85548 
163 343 13530 
164 297 21114 
164 302 98810 
164 352 86212 
164 367 26936 
164 395 1012 
165 259 48500 
165 312 8607 
165 338 78389 
165 355 80302 
165 359 59424 
166 189 5770 
166 341 64929 
166 383 25997 
167 280 96445 
167 347 69066 
168 175 65111 
168 246 65942 
168 313 10835 
168 372 88671 
168 381 53156 
168 398 33894 
168 400 22565 
169 228 74222 
169 249 21182 
169 315 14714 
169 345 55113 
169 384 3841 
169 399 59546 
170 186 84531 
170 283 72613 
170 378 19132 
171 186 68766 
171 191 49523 
171 203 96929 
171 207 48 
171 246 64515 
171 283 58202 
171 286 98292 
171 294 17521 
171 345 74870 
172 199 49950 
172 209 47478 
172 322 91804 
172 378 73142 
172 397 66961 
173 389 66820 
173 397 48822 
174 178 62113 
174 197 3241 
174 310 65962 
175 185 48320 
175 333 75354 
175 389 53932 
176 270 50241 
176 301 51781 
176 348 58042 
177 243 92087 
177 306 59353 
177 324 94288 
177 341 90703 
177 359 74575 
177 365 54814 
177 374 41255 
178 245 3672 
178 256 78543 
178 333 42911 
178 368 52374 
179 182 48171 
179 262 14830 
179 300 11621 
179 343 18032 
179 370 54208 
179 372 72240 
180 335 3860 
180 368 11720 
180 370 13379 
180 398 6770 
181 194 95614 
181 263 81464 
181 275 80742 
181 311 63576 
181 372 77064 
182 227 22741 
183 201 96264 
183 292 37988 
183 389 94292 
184 394 54601 
185 260 35364 
185 306 78506 
185 333 75305 
185 340 947 
185 378 15604 
186 225 69092 
186 245 97849 
186 293 78799 
186 386 76464 
188 224 73584 
188 287 89674 
188 332 30741 
189 283 96827 
189 293 62770 
190 283 59907 
191 216 69520 
192 252 67879 
192 254 50860 
192 332 48139 
193 206 15517 
193 235 35898 
193 389 77423 
194 200 44751 
194 236 39545 
194 264 52214 
194 358 67082 
194 371 78056 
195 232 88947 
195 242 2073 
195 349 1220 
196 307 7396 
196 324 44386 
196 344 84577 
197 221 92004 
197 390 71557 
198 212 79198 
198 294 86728 
198 351 5146 
198 356 70130 
199 387 27508 
200 242 29946 
200 296 33239 
200 320 84750 
201 279 28597 
201 325 18065 
201 352 16876 
201 378 8896 
202 242 11596 
202 387 22914 
203 217 76982 
203 219 99896 
203 292 4391 
203 372 34690 
204 229 58978 
204 278 3522 
204 292 34031 
204 302 11115 
204 326 54554 
204 343 90629 
204 385 69261 
205 260 13612 
205 309 4761 
205 335 92862 
206 299 88491 
206 311 89077 
206 322 24037 
207 209 18018 
207 229 98845 
207 274 54622 
207 297 55422 
207 311 9605 
207 345 64671 
208 250 43217 
208 267 68845 
208 338 98162 
208 371 43175 
209 282 63145 
209 294 3784 
209 298 99436 
209 313 67087 
210 336 81980 
210 358 76948 
211 276 91112 
211 341 84192 
211 369 95910 
212 246 65855 
212 272 78443 
214 313 72092 
214 386 45777 
214 398 25756 
215 249 11815 
216 244 32591 
216 268 73465 
216 358 70215 
217 224 13972 
217 398 11412 
218 297 49927 
218 361 96264 
219 273 10738 
220 338 1385 
220 365 15267 
220 367 16652 
220 378 22547 
221 296 46846 
221 396 48839 
222 253 77452 
222 255 25000 
222 362 9205 
222 375 57678 
223 261 82070 
223 355 21862 
224 231 87657 
224 309 23249 
225 340 71874 
226 301 22480 
227 242 65718 
227 258 74056 
227 271 29274 
227 281 81528 
229 368 5525 
230 306 49628 
230 391 39895 
231 233 74828 
231 238 47908 
231 306 39108 
232 271 92398 
232 328 54957 
232 397 88231 
233 308 98640 
233 350 35017 
233 372 97061 
234 246 37255 
234 313 79442 
234 344 5122 
235 253 8345 
235 287 69497 
236 259 40532 
236 264 62640 
236 287 33850 
237 300 72152 
238 340 48995 
238 352 90437 
239 307 39716 
239 313 12125 
240 251 47236 
240 374 28220 
241 270 38073 
241 322 94955 
241 388 15367 
241 393 92420 
242 350 21124 
242 359 9493 
242 364 86026 
243 264 2736 
243 375 56162 
244 263 36689 
244 305 43596 
244 352 61834 
246 253 83759 
246 305 14668 
246 386 88878 
247 260 57664 
247 301 76683 
247 314 30370 
247 358 82000 
247 395 17255 
248 279 33920 
248 382 56369 
249 250 22625 
249 306 40231 
249 316 84402 
250 288 11604 
250 300 64484 
250 313 47665 
250 340 91498 
250 342 39164 
252 266 1378 
253 351 72222 
253 393 77185 
254 336 29132 
255 324 96616 
255 351 44233 
255 367 22980 
256 312 34150 
256 392 11285 
258 317 23944 
258 348 956 
259 270 93728 
259 315 89561 
259 336 41619 
260 360 69577 
261 324 63088 
261 376 43134 
261 379 21287 
262 359 50898 
263 327 75978 
264 389 58795 
265 329 33746 
265 380 55801 
266 287 3582 
266 316 98043 
267 341 99585 
269 322 53401 
270 386 7008 
271 344 80100 
272 278 22887 
272 361 9728 
273 294 97875 
273 313 44332 
274 281 18156 
275 317 64239 
275 328 51085 
275 365 53063 
276 281 12496 
276 301 16824 
276 306 85034 
277 285 32793 
277 339 51133 
277 340 65570 
277 346 99812 
278 310 35631 
278 340 31755 
278 345 79291 
279 361 27732 
280 386 63730 
281 301 41497 
281 329 30743 
282 364 31337 
282 399 62615 
283 299 51866 
283 360 64974 
283 363 44186 
284 385 9553 
286 336 78324 
286 347 50824 
286 350 91978 
286 354 97223 
287 293 91750 
287 395 93856 
288 318 34581 
288 331 64789 
288 400 73744 
289 374 18984 
290 381 56474 
291 379 42221 
293 310 90200 
293 315 67328 
293 364 98298 
294 370 99894 
294 397 67045 
295 342 6284 
295 371 41201 
295 383 30098 
296 356 24047 
297 308 31984 
300 350 14713 
300 372 80736 
302 305 90901 
303 346 13652 
303 380 27282 
303 397 29851 
304 343 63213 
304 369 11343 
305 311 65736 
305 354 57077 
306 395 88581 
308 326 64984 
308 338 67396 
309 315 10451 
309 379 4777 
310 367 53500 
311 340 8614 
311 377 24418 
312 321 83512 
313 322 62469 
314 340 90162 
316 335 93797 
317 355 84209 
317 394 75464 
319 367 17163 
319 373 46383 
321 328 67015 
321 372 42067 
321 381 55974 
322 365 88806 
322 380 49822 
323 397 96462 
324 335 24365 
325 395 58589 
326 390 62174 
327 356 78740 
327 370 65987 
327 377 72519 
329 355 99314 
331 386 6515 
332 352 19036 
333 379 36869 
335 354 66692 
335 369 42337 
335 374 58273 
336 383 26298 
337 346 18262 
338 364 17278 
339 369 57054 
340 343 96295 
341 391 65491 
344 393 8040 
346 363 49309 
348 352 19959 
349 379 52817 
349 395 45502 
350 354 53198 
350 392 74485 
350 396 89770 
352 391 97467 
353 387 16202 
355 389 6887 
356 366 93569 
361 385 9652 
362 373 89066 
366 386 44791 
369 380 98902 
371 384 39191 
374 400 11096 
378 386 51224 
379 396 49565 
382 392 49497 
384 399 36457 
386 387 60091 
386 393 44904 
386 399 23338 
388 389 90624 
