1 
400 1175 113 2951725
4 
5 
6 
7 
8 
11 
14 
19 
34 
41 
54 
55 
62 
64 
67 
71 
78 
80 
82 
84 
94 
96 
97 
98 
102 
107 
113 
116 
120 
122 
123 
131 
133 
134 
135 
138 
142 
146 
147 
153 
156 
157 
169 
174 
184 
186 
192 
199 
203 
206 
207 
212 
213 
214 
216 
220 
224 
225 
226 
229 
230 
231 
232 
241 
243 
245 
249 
252 
254 
258 
260 
261 
263 
269 
270 
272 
279 
283 
286 
290 
293 
295 
296 
297 
298 
299 
300 
305 
307 
313 
314 
315 
321 
322 
326 
328 
332 
336 
337 
338 
341 
342 
344 
355 
357 
359 
364 
373 
378 
380 
381 
385 
389 
60186 
54691 
99295 
10320 
63356 
20097 
3428 
31889 
56437 
90394 
94147 
96544 
47920 
14375 
25104 
42573 
53149 
49694 
40696 
36478 
85439 
28013 
5978 
43282 
81045 
82336 
15130 
6109 
17976 
20978 
78375 
47520 
84077 
64554 
30766 
84208 
10600 
90579 
79053 
5841 
77916 
87341 
34861 
75563 
71571 
18451 
18560 
54926 
38783 
33817 
91100 
7912 
83118 
11182 
55175 
22535 
28522 
56968 
80535 
51617 
1384 
63025 
25522 
81475 
19802 
37987 
15445 
7090 
24700 
37215 
32700 
61157 
42633 
18472 
95379 
50852 
4059 
51653 
67028 
17880 
92378 
21759 
64536 
55525 
96721 
5122 
25594 
40845 
7873 
25420 
15789 
20940 
54846 
13078 
94597 
35443 
8748 
87825 
32020 
25900 
27692 
19333 
32412 
78510 
40915 
28741 
56572 
13478 
57029 
35539 
21534 
88329 
91890 
1 13 68271 
1 100 32065 
1 104 79885 
1 357 65813 
1 378 58323 
2 13 76056 
2 25 54588 
2 57 45423 
2 79 62245 
2 174 35210 
2 200 35753 
2 231 95837 
2 346 60682 
2 347 9119 
3 52 77342 
3 55 12727 
3 87 31077 
3 213 3036 
3 249 43513 
3 271 64028 
3 295 30873 
3 333 80652 
3 344 14548 
4 24 66785 
4 62 6983 
4 108 85078 
4 111 45348 
4 123 24499 
4 162 11449 
4 207 78800 
4 212 84992 
4 221 49258 
4 230 79533 
4 253 55371 
4 351 66763 
4 361 14269 
5 67 84018 
5 358 50708 
6 59 57803 
6 133 66380 
6 170 47983 
6 214 44654 
6 331 29027 
7 129 83136 
7 162 26160 
7 188 45407 
7 240 74063 
7 245 30393 
7 246 59196 
7 249 99952 
7 295 66043 
7 299 27050 
8 12 40278 
8 111 70097 
8 116 93324 
8 137 88171 
8 139 58269 
8 288 39047 
8 299 64300 
9 16 91339 
9 30 421 
9 201 96352 
9 244 19348 
9 256 66376 
9 259 53944 
9 272 46450 
9 353 9960 
10 40 14257 
10 92 31595 
10 160 25695 
10 204 69770 
10 246 87252 
10 260 77118 
10 266 46860 
10 368 4524 
11 24 86562 
11 364 83600 
12 134 95210 
12 147 73373 
12 155 69987 
12 194 73798 
12 203 90820 
12 209 63966 
12 347 73243 
12 369 24546 
13 15 93442 
13 51 70665 
13 68 43714 
13 82 29441 
13 224 65795 
13 354 29812 
14 27 39503 
14 130 13643 
14 338 43247 
14 349 82347 
15 53 74413 
15 58 70726 
15 307 92431 
15 334 44494 
16 119 49592 
16 161 28903 
16 165 44864 
16 317 72450 
16 332 71527 
16 364 51146 
16 399 49353 
17 52 10098 
17 115 69035 
17 172 3120 
17 237 93211 
17 314 91483 
17 377 36450 
18 120 14904 
18 179 63584 
18 186 47382 
18 245 19738 
19 37 52216 
19 114 99691 
19 201 58105 
19 295 43071 
19 396 36626 
20 229 62695 
20 290 10170 
21 78 8185 
21 105 32416 
21 175 6639 
21 286 16860 
21 359 43972 
21 369 57394 
21 393 63456 
22 53 63528 
22 90 49104 
22 130 33226 
22 225 30175 
22 292 6122 
22 374 85892 
23 101 54655 
23 349 16988 
24 48 93353 
24 95 33655 
24 260 35358 
25 41 56688 
25 151 56866 
25 196 2180 
25 225 84724 
25 231 70699 
25 275 15490 
25 310 33257 
25 311 46897 
25 372 12237 
26 214 40786 
26 304 23570 
26 309 76795 
26 374 72572 
27 103 38614 
27 189 89812 
27 239 73464 
27 262 15655 
28 58 74060 
28 143 69134 
28 145 22611 
28 189 11975 
28 237 5274 
28 273 12364 
28 287 85864 
28 307 48741 
28 312 99539 
29 133 37358 
29 192 45074 
29 203 43386 
29 277 2308 
30 79 17395 
30 83 53736 
30 95 19560 
30 178 22055 
30 264 44241 
30 305 83339 
31 53 51282 
31 147 55631 
31 190 87222 
31 216 72584 
31 220 15637 
31 282 30070 
31 327 83868 
31 337 92045 
32 53 29416 
32 71 41821 
32 130 70901 
32 131 77151 
32 166 77314 
32 210 72789 
32 317 988 
33 49 95548 
33 176 71701 
33 302 68338 
33 314 54461 
33 325 93732 
33 346 12906 
34 71 66604 
34 276 63780 
34 287 34779 
34 361 39306 
35 70 96731 
35 94 19657 
35 277 35200 
35 281 16741 
35 390 91677 
36 62 41851 
36 80 12620 
36 202 52982 
36 392 22947 
37 83 11602 
37 88 28343 
37 190 5912 
37 237 22587 
37 238 44214 
37 297 70940 
37 353 56268 
37 358 73837 
37 363 2965 
38 60 18138 
38 192 75555 
38 270 67645 
38 311 97791 
38 323 25739 
39 123 30457 
39 213 52302 
39 340 28905 
39 389 88128 
40 50 56520 
40 105 59283 
40 158 95170 
40 187 34985 
40 218 89285 
40 322 87611 
40 399 74286 
40 400 35578 
41 91 23392 
41 135 4288 
41 176 31054 
41 211 94432 
41 219 85860 
41 304 32730 
41 314 87945 
41 362 85036 
42 84 16997 
42 250 19705 
42 342 49703 
43 191 36828 
43 200 96049 
43 312 99614 
43 382 77365 
43 383 65963 
44 102 26602 
44 111 16112 
44 116 71625 
44 206 8464 
44 276 21557 
44 344 29033 
44 394 62709 
45 331 49142 
45 337 89118 
46 56 92894 
46 129 94644 
46 145 17503 
46 153 26411 
46 169 61291 
46 239 22122 
47 95 87623 
47 212 80713 
47 247 71873 
47 329 39084 
47 356 6609 
47 358 45694 
47 360 87731 
48 67 5117 
48 80 39871 
48 149 38256 
48 183 6210 
48 189 28141 
48 289 22436 
48 319 35862 
48 320 18051 
48 340 1378 
48 383 23091 
48 398 32830 
49 213 30646 
49 275 47152 
50 156 99978 
50 165 63617 
50 236 23827 
50 279 86426 
50 295 53719 
50 308 69164 
50 318 9490 
50 372 71924 
50 392 79330 
51 54 79606 
51 91 4925 
51 180 89593 
51 221 67499 
52 82 36157 
52 116 1816 
52 131 70639 
52 135 23558 
52 253 31372 
53 76 74064 
53 97 38688 
53 219 10811 
53 257 51267 
53 311 99119 
54 56 93261 
54 88 44242 
54 93 71225 
54 94 56614 
54 244 35081 
54 260 37133 
54 393 8978 
55 166 59103 
55 216 23346 
56 72 33522 
56 202 21691 
56 232 68197 
56 271 45657 
56 281 85569 
56 285 12739 
56 349 42409 
57 151 17533 
57 190 34958 
57 202 96585 
57 213 94903 
57 262 3862 
57 283 13237 
57 321 85796 
57 368 83251 
58 105 4533 
58 157 48561 
58 172 35040 
58 181 93949 
58 230 78087 
59 72 4863 
59 247 57211 
59 327 47412 
60 71 29848 
60 180 85230 
60 236 84982 
60 399 94777 
61 116 97345 
61 125 81632 
61 139 18701 
61 201 15084 
61 250 24144 
61 343 79759 
62 70 8375 
62 81 44798 
62 197 24755 
62 217 31235 
62 297 39947 
62 322 83462 
62 323 86499 
62 325 26447 
62 364 81961 
62 370 77175 
63 222 61639 
63 227 73217 
63 239 72925 
63 244 24879 
63 261 42665 
63 275 19300 
63 341 37901 
63 385 76772 
63 394 39792 
64 107 93740 
64 241 43306 
64 261 33005 
64 317 57164 
64 367 74000 
64 386 43217 
65 74 35664 
65 98 4426 
65 195 6132 
65 216 86198 
65 350 98618 
66 73 89496 
66 111 54523 
66 226 91521 
67 219 99046 
67 228 1033 
67 238 28078 
67 247 85540 
67 302 17671 
68 87 51170 
68 156 444 
68 216 31478 
68 247 87217 
68 248 24810 
68 305 82909 
68 352 36398 
69 160 29282 
69 229 52957 
69 396 1327 
70 85 55804 
70 150 97969 
70 179 82229 
70 232 96297 
70 296 32282 
71 164 73275 
71 294 56161 
71 388 46796 
72 73 84091 
72 110 72957 
72 308 32556 
72 367 8128 
72 379 19289 
72 391 95637 
73 115 45249 
73 146 48111 
73 149 73360 
73 196 26536 
73 215 83652 
73 285 9639 
74 109 46273 
74 263 99002 
74 312 32984 
74 334 45565 
75 113 77563 
75 212 63980 
75 290 71488 
75 365 12265 
76 91 21242 
76 98 12037 
76 107 35973 
76 109 29294 
76 160 16031 
76 296 64691 
76 366 60560 
77 183 18151 
77 215 73499 
77 279 30782 
77 304 84597 
77 348 205 
77 355 93324 
77 366 86050 
78 227 70088 
78 256 96231 
78 326 34861 
79 219 55539 
79 308 95532 
80 154 68774 
80 215 39471 
80 231 70924 
81 112 57271 
81 134 2447 
81 204 84775 
81 234 47004 
82 202 83329 
82 204 94499 
82 264 937 
83 84 51844 
83 122 67517 
83 129 36690 
83 226 19987 
83 242 65269 
83 260 40434 
83 261 66652 
83 280 13817 
83 326 86246 
84 141 25001 
84 151 96108 
84 165 32492 
84 241 22683 
84 263 16850 
84 374 2527 
85 112 82491 
85 181 73126 
85 209 40987 
85 217 37610 
85 293 37042 
85 359 69047 
85 373 59492 
86 110 77729 
86 269 69275 
87 103 53803 
87 122 55880 
87 215 77092 
87 285 52960 
87 296 43251 
87 299 50521 
87 315 28214 
87 371 59554 
88 91 66309 
88 195 57702 
88 220 27381 
88 265 10410 
88 279 49572 
88 338 47000 
88 378 15822 
89 113 48689 
89 194 55541 
90 262 39420 
90 265 7842 
90 278 7486 
90 374 71066 
91 139 99561 
91 203 53307 
91 218 23016 
91 245 81032 
91 247 4049 
91 288 12518 
91 317 21969 
91 352 98100 
93 99 5091 
93 197 59113 
93 379 33947 
93 392 22261 
94 98 56076 
94 113 82651 
94 156 28004 
94 167 57168 
94 195 84602 
95 126 77356 
95 246 77703 
95 301 52240 
95 315 82634 
95 352 7233 
96 130 75909 
96 207 10188 
96 252 10782 
96 261 1749 
96 291 67279 
96 350 42858 
97 148 26238 
97 164 8020 
97 297 45382 
97 315 58566 
97 367 89796 
98 103 90425 
98 114 52811 
98 162 43159 
98 169 32095 
98 220 81937 
98 247 4632 
98 249 86570 
98 398 91132 
99 300 70608 
100 105 61841 
100 136 15534 
100 172 40690 
100 216 40031 
100 351 34476 
100 384 7237 
101 155 93909 
101 339 68897 
102 187 90281 
102 312 86714 
102 327 75611 
103 253 87062 
103 298 22283 
103 378 59775 
104 107 31606 
104 166 61119 
104 359 48105 
104 388 89124 
105 138 75251 
105 150 11990 
105 210 46215 
105 279 35442 
105 320 38193 
106 246 57890 
106 287 89801 
106 298 85879 
106 385 49463 
107 127 38944 
107 136 30708 
107 149 23007 
107 236 40403 
107 319 91059 
107 324 60218 
107 350 94435 
107 399 23060 
108 119 74303 
108 143 19186 
108 190 22610 
108 221 81386 
108 293 68258 
108 371 73742 
108 383 18280 
109 199 91470 
109 256 61466 
110 166 22174 
110 174 99634 
110 221 65362 
110 378 88668 
110 388 81527 
111 200 41450 
112 245 3105 
112 310 47350 
112 371 34366 
112 388 11475 
113 321 46656 
114 147 96835 
114 162 42051 
114 167 9846 
114 186 12885 
114 189 46578 
114 318 67654 
114 338 64423 
114 360 77062 
115 161 74361 
115 201 75269 
115 341 72312 
116 241 36146 
116 251 50090 
116 277 61166 
116 316 87895 
116 391 26572 
117 154 65649 
117 161 75946 
117 222 27673 
117 277 19167 
117 322 68902 
117 370 73194 
117 374 67351 
118 125 30700 
118 230 94201 
118 275 49535 
118 337 54482 
119 140 2163 
119 241 4688 
119 242 132 
120 142 91406 
120 145 66374 
120 205 76841 
120 293 92209 
121 173 56009 
121 196 75369 
121 246 47001 
121 287 59212 
121 333 89951 
121 357 61118 
122 153 84100 
122 258 39704 
122 331 80057 
123 130 88986 
123 132 4265 
123 232 16462 
123 250 39498 
123 323 21455 
124 169 19934 
124 170 96179 
124 193 40528 
124 230 32395 
124 284 35949 
125 280 23479 
125 341 96170 
126 204 3850 
126 212 2282 
126 249 78037 
126 348 11516 
126 370 4171 
127 308 11142 
128 332 76848 
128 390 14811 
129 134 7060 
129 149 15181 
129 194 20606 
129 230 17794 
129 347 88640 
129 372 86434 
129 385 24118 
130 249 31726 
131 148 1226 
131 258 13928 
131 285 67383 
131 287 81312 
131 307 74032 
131 324 81991 
131 365 6026 
131 378 6505 
132 210 17526 
132 247 61243 
132 253 67175 
132 328 84971 
133 168 52601 
133 224 91499 
133 369 35076 
133 385 45040 
134 190 88104 
134 315 63125 
135 350 62326 
136 194 38327 
136 290 34517 
136 295 68372 
137 149 12003 
137 155 50303 
137 250 19748 
137 271 48507 
138 145 81064 
138 160 49468 
138 185 5995 
138 227 24923 
138 364 12103 
140 247 53408 
140 259 58227 
140 313 78934 
140 326 42808 
140 383 8510 
141 183 74215 
141 203 12305 
141 217 59030 
141 262 27433 
141 307 97014 
141 313 63260 
141 347 65408 
141 348 52927 
142 157 94356 
142 188 3171 
142 240 12687 
142 313 14536 
142 314 61378 
142 319 91958 
143 147 41626 
144 162 5705 
144 180 46572 
144 260 2774 
144 322 73294 
144 332 54461 
145 359 3261 
145 363 76737 
146 199 10406 
146 212 77266 
146 227 60808 
147 162 60583 
147 223 68201 
147 244 61427 
147 273 52618 
147 389 66422 
148 184 67675 
148 226 54633 
148 255 66317 
148 364 76359 
148 398 74335 
149 162 57702 
149 211 7204 
149 313 54641 
149 373 4400 
150 368 58362 
151 154 95211 
151 382 6418 
151 399 15821 
152 355 11418 
152 363 48789 
153 206 50059 
153 330 92351 
153 366 85607 
154 189 14182 
154 254 94885 
154 273 99501 
154 329 21890 
155 173 45850 
155 176 24398 
155 189 96102 
155 191 74818 
155 204 39397 
155 210 94691 
155 247 82360 
155 320 33291 
155 389 29826 
156 181 2393 
156 212 33127 
156 316 2130 
157 361 53542 
158 221 32636 
158 284 1756 
158 285 7179 
159 203 84896 
159 211 46072 
159 219 42495 
159 229 9531 
159 356 13478 
159 373 54181 
159 395 75869 
160 245 84061 
160 297 79072 
160 328 58723 
160 377 23160 
161 342 22941 
161 395 3206 
162 190 39422 
162 200 52484 
162 210 79326 
162 233 45798 
162 278 22959 
163 198 91493 
163 213 9791 
163 319 4241 
164 181 18031 
164 281 49671 
164 321 73431 
164 334 71351 
165 231 75996 
165 269 77061 
166 182 5703 
166 199 7051 
166 302 99396 
167 195 20692 
168 191 30860 
168 199 8830 
168 346 39310 
169 221 93931 
169 342 97882 
170 186 15349 
170 285 28676 
170 337 17936 
170 340 88760 
170 346 66213 
170 380 36198 
170 381 6354 
171 239 25087 
171 263 72993 
171 267 63214 
171 320 37902 
172 185 1932 
172 242 94625 
172 307 76410 
172 362 23099 
172 370 96486 
172 382 27589 
173 219 44459 
173 228 1288 
173 325 39695 
174 215 34892 
174 399 33594 
176 185 81843 
176 232 94846 
176 345 11288 
176 348 89828 
177 220 27978 
177 373 50538 
178 193 29455 
178 286 26629 
179 262 12846 
179 277 25380 
179 282 27873 
180 216 14051 
180 230 33705 
180 302 35952 
181 266 25762 
181 399 53036 
182 309 35401 
182 378 85800 
183 214 25443 
183 294 61797 
183 352 39569 
183 372 47924 
184 255 57780 
184 400 76014 
186 349 31192 
186 356 81886 
186 376 23953 
187 232 6024 
187 297 42567 
187 358 92692 
188 308 40697 
189 264 88859 
189 272 35692 
190 259 17854 
190 286 50088 
190 288 67943 
190 346 31169 
191 302 69705 
191 313 17832 
191 359 39987 
191 392 51360 
192 260 34559 
192 308 43675 
192 387 75610 
193 213 60128 
193 221 25692 
193 279 41864 
193 345 33987 
193 389 98183 
194 201 40304 
194 296 50938 
196 208 76979 
196 215 65312 
196 325 95180 
196 339 49160 
197 279 14583 
197 302 34310 
198 260 37591 
198 385 92442 
198 395 89463 
199 356 60633 
199 368 69605 
200 206 70678 
200 212 23383 
200 253 43759 
201 217 58653 
201 241 93715 
201 351 58821 
201 372 44911 
201 384 12351 
202 204 51378 
202 279 47565 
203 339 38247 
205 333 2367 
205 364 70835 
206 398 9707 
207 267 53982 
207 373 99268 
207 382 20652 
208 247 20241 
208 301 14638 
208 340 1815 
208 380 59611 
208 381 69445 
209 337 87704 
210 322 65459 
210 369 73518 
210 372 22633 
210 387 47281 
211 308 52542 
211 351 5062 
211 395 10987 
211 399 69090 
212 285 16313 
212 339 25296 
213 312 42206 
214 294 18177 
214 316 37810 
214 373 22339 
215 252 72617 
215 297 6126 
215 302 36346 
216 339 76455 
216 375 11269 
217 218 5885 
217 235 61556 
217 247 92905 
217 250 59598 
217 285 84344 
217 376 72831 
218 252 88296 
218 264 69781 
219 300 50476 
219 329 62874 
219 375 67829 
219 383 31435 
219 388 39917 
220 250 83471 
220 252 11787 
220 253 48552 
220 259 78086 
220 298 14461 
221 297 26060 
221 355 19429 
222 241 19792 
222 278 2033 
222 388 12219 
223 228 11050 
223 322 15569 
224 282 60441 
225 243 91022 
225 276 83384 
225 301 16189 
225 368 51488 
226 389 8502 
227 339 42314 
227 385 3597 
228 302 70553 
228 333 39327 
228 372 74653 
228 387 14862 
229 239 21447 
229 241 46382 
229 321 60541 
229 367 98232 
229 379 84340 
230 276 56214 
230 303 72687 
230 304 1667 
230 315 37828 
230 374 5696 
231 266 99967 
231 344 71465 
232 264 81382 
232 303 82606 
232 315 61205 
233 243 71603 
233 301 16625 
233 313 61125 
234 312 31814 
235 335 82838 
235 368 31476 
236 296 47862 
236 304 42957 
236 341 66756 
236 356 98622 
237 365 97461 
237 368 24635 
238 272 84802 
238 280 17232 
238 367 354 
239 260 89147 
239 292 78745 
239 312 76511 
240 329 33799 
240 342 93271 
240 376 2958 
243 333 66541 
244 333 68603 
246 309 92497 
246 342 76503 
247 282 43335 
247 317 12592 
247 358 87748 
249 273 80555 
249 312 18940 
249 322 15010 
249 343 49033 
250 309 60557 
250 313 13731 
251 257 40143 
251 302 89342 
251 345 80791 
251 386 29013 
251 391 58634 
254 292 87055 
254 305 8264 
254 326 25360 
255 333 80502 
256 294 63336 
256 323 66592 
256 358 61673 
256 376 63231 
257 281 50572 
257 397 18632 
258 360 45612 
259 263 1951 
259 378 96835 
260 331 76553 
261 263 56260 
261 294 87154 
261 314 44360 
261 355 15970 
261 361 37106 
262 289 61170 
262 311 31190 
262 314 71272 
263 272 70134 
263 321 97830 
263 323 44575 
264 279 9505 
265 333 15525 
266 271 75111 
269 296 6761 
269 311 95058 
269 343 70445 
270 324 34084 
271 301 27301 
272 383 513 
273 278 99508 
273 292 71312 
273 298 99808 
273 380 82741 
274 343 36705 
274 385 45525 
275 286 77155 
275 294 69411 
275 358 47032 
275 393 969 
277 374 60055 
278 388 63381 
279 285 21242 
281 378 23640 
282 293 17680 
282 301 80015 
282 302 69670 
282 367 99348 
283 292 88103 
284 322 15236 
284 335 46196 
284 345 26104 
285 298 72126 
285 305 2326 
285 334 37653 
285 378 78435 
286 329 32788 
286 356 74435 
286 380 99343 
286 399 19912 
287 346 48109 
287 370 41857 
288 292 61502 
288 334 86279 
288 382 15896 
289 369 89251 
290 314 37529 
291 325 20882 
295 307 74871 
296 359 14767 
296 374 99166 
297 306 82896 
297 325 51788 
299 317 10613 
299 341 47757 
299 362 24812 
299 380 47642 
301 360 74754 
302 400 40310 
304 353 51562 
305 376 52615 
307 313 11165 
307 337 82701 
308 348 27897 
309 323 3348 
310 312 98034 
310 342 88492 
310 355 72993 
311 329 37709 
312 363 9687 
312 366 88010 
313 354 80762 
314 393 96840 
315 347 74465 
316 328 55648 
316 373 76480 
318 400 63810 
319 364 81513 
319 379 62623 
322 398 56468 
323 348 99855 
323 350 56323 
323 400 49564 
324 350 84889 
324 362 57554 
324 383 38857 
324 384 45445 
325 351 99292 
326 351 43011 
326 374 16670 
327 352 52535 
329 395 17855 
330 335 75833 
330 360 82698 
331 391 54497 
331 398 51348 
333 376 50459 
333 377 14136 
335 342 9587 
335 343 40796 
336 344 87827 
339 377 78524 
341 358 35072 
346 380 8081 
347 398 67452 
348 376 28735 
350 391 66389 
351 358 4168 
355 381 22300 
356 361 41596 
361 368 31982 
365 367 5025 
366 373 64265 
366 379 55915 
367 400 25754 
368 397 3857 
372 386 62156 
373 387 43843 
375 395 2875 
377 397 87465 
382 384 12904 
385 392 55185 
391 393 66563 
