1 
400 1144 94 2852956
2 
3 
11 
12 
20 
21 
30 
35 
43 
52 
57 
64 
67 
70 
77 
81 
86 
87 
88 
91 
94 
95 
99 
102 
104 
120 
122 
128 
130 
134 
138 
141 
149 
152 
154 
155 
158 
175 
180 
181 
191 
193 
197 
201 
211 
223 
234 
238 
240 
245 
246 
251 
252 
253 
254 
256 
257 
259 
262 
263 
264 
266 
269 
273 
275 
281 
282 
283 
285 
295 
297 
300 
304 
306 
312 
314 
320 
321 
322 
323 
326 
347 
361 
362 
366 
367 
374 
375 
378 
384 
385 
388 
392 
396 
50871 
25506 
51782 
79707 
65415 
64696 
27259 
14066 
55818 
86122 
63991 
59371 
54780 
57381 
46045 
98072 
89845 
67317 
78704 
7271 
34859 
8875 
55132 
36552 
96605 
84838 
15959 
69111 
89660 
26693 
90198 
47566 
51818 
87045 
87330 
97704 
71828 
31238 
47603 
32684 
60597 
94490 
51769 
32509 
97022 
16736 
18464 
79638 
48281 
25528 
35518 
38201 
44339 
10623 
53227 
71691 
96127 
75766 
67212 
69301 
13150 
48669 
45247 
63724 
16951 
86615 
89875 
33560 
2862 
21527 
85251 
12293 
4791 
94666 
28864 
10341 
57283 
99521 
50460 
36995 
47129 
43179 
74671 
54231 
71507 
5872 
73581 
98545 
52034 
41113 
28505 
23914 
11213 
39841 
1 4 2342 
1 41 74922 
1 50 15333 
1 85 40401 
1 114 18791 
1 173 62243 
1 188 44619 
1 236 18674 
1 385 26038 
2 99 85961 
2 205 28441 
2 302 79033 
2 313 45687 
2 383 44584 
3 7 415 
3 74 36960 
3 177 81057 
3 249 17828 
3 258 52521 
3 336 33838 
5 204 65126 
5 341 57571 
5 352 79261 
5 354 64318 
5 364 93154 
5 391 53491 
5 393 46646 
5 399 62871 
6 27 96894 
6 72 53887 
6 100 84019 
6 198 62869 
6 208 56876 
6 232 50125 
6 256 54149 
6 275 58928 
6 302 32905 
7 69 53903 
7 162 18527 
7 175 66477 
7 254 68004 
7 258 334 
7 302 42976 
8 16 58671 
8 33 90115 
8 35 66792 
8 87 93211 
8 149 335 
8 213 89614 
8 264 99437 
8 328 35730 
9 95 40793 
9 226 4334 
9 316 225 
10 24 12116 
10 65 7748 
10 73 71326 
10 324 53706 
10 362 6829 
11 15 62512 
11 33 92070 
11 117 19190 
11 135 59646 
11 166 25997 
11 192 68921 
11 327 78351 
12 64 74168 
12 189 56789 
12 297 54070 
12 298 53004 
12 356 86155 
13 118 84884 
13 157 88508 
13 183 48801 
13 213 1053 
13 223 33747 
13 312 6013 
14 47 18597 
14 62 27708 
14 118 93014 
14 128 91971 
14 137 83815 
14 218 98376 
14 249 14942 
14 340 11282 
15 40 39687 
15 124 20274 
15 158 39858 
15 334 52383 
15 357 89575 
15 395 93235 
16 74 30464 
16 78 86508 
16 172 9441 
16 201 47343 
16 263 8137 
16 301 81714 
16 392 72639 
17 52 38046 
17 313 80653 
17 327 77457 
17 365 83718 
17 389 61816 
17 398 92144 
18 37 59413 
18 40 11652 
18 53 88528 
18 67 77403 
18 89 15006 
18 287 4531 
19 242 103 
19 371 60816 
19 373 51886 
20 26 43034 
20 175 81805 
20 339 12764 
20 380 77170 
21 92 40534 
21 147 21864 
21 153 74647 
21 295 63461 
21 343 28218 
22 44 88795 
22 88 37501 
22 115 50922 
22 117 88423 
22 121 27004 
22 128 20650 
22 190 89056 
22 228 2745 
22 309 2380 
23 152 77952 
23 319 31093 
23 375 69448 
24 36 22238 
24 61 12902 
24 134 71183 
24 294 34599 
25 76 8899 
25 111 81075 
25 351 24409 
25 365 94688 
25 390 91695 
26 54 40554 
26 110 76503 
26 113 91746 
26 143 87187 
26 180 90956 
26 266 14356 
27 100 84637 
27 147 4901 
27 176 79704 
27 282 79384 
27 320 68935 
27 321 2634 
27 366 50215 
28 116 52621 
28 283 55070 
28 288 82235 
28 370 93345 
29 60 79999 
29 96 96103 
29 117 16538 
29 252 7671 
29 262 63046 
30 43 90481 
30 277 91513 
30 291 3285 
30 333 80537 
31 82 5332 
31 131 47552 
31 187 43680 
31 274 65589 
31 351 11249 
32 55 11730 
32 74 7332 
32 79 33144 
32 132 70504 
32 175 70619 
32 216 57514 
32 290 61407 
33 124 38589 
33 143 32846 
33 373 41986 
34 118 42903 
34 151 50794 
34 268 83846 
34 301 6873 
34 350 8791 
35 38 95085 
35 122 10805 
35 155 92328 
35 156 74103 
35 164 86872 
35 189 26119 
35 200 21428 
35 273 75821 
36 97 61511 
36 98 25040 
36 102 33663 
36 168 62113 
36 240 1255 
36 245 59685 
36 248 34425 
36 279 99792 
36 335 85126 
36 336 21920 
36 337 30860 
37 129 27828 
37 143 91480 
37 244 86390 
37 318 81254 
38 131 77568 
38 202 68695 
38 330 42898 
39 87 68179 
39 137 82814 
39 146 17406 
39 206 64850 
39 247 53379 
39 308 5711 
39 313 41562 
39 352 64607 
40 64 19928 
40 105 43792 
40 158 85994 
40 216 32998 
40 249 72510 
41 53 85025 
41 119 11897 
41 146 35827 
41 148 47725 
41 160 25369 
41 210 4998 
41 354 98314 
41 393 39379 
42 134 85401 
42 147 47448 
42 169 31938 
42 188 3902 
42 225 25379 
42 240 30355 
42 311 21122 
42 328 94630 
43 100 19274 
43 154 69935 
43 237 11961 
43 375 48854 
43 399 51426 
44 81 66514 
44 128 60891 
44 173 44515 
44 216 97158 
44 261 4463 
44 369 73057 
45 141 69079 
45 189 40413 
45 328 62953 
45 378 49408 
46 111 13144 
46 285 628 
48 74 49340 
48 118 42186 
48 122 83452 
48 175 56330 
48 225 50961 
48 375 45903 
49 51 85851 
49 144 10988 
49 155 61069 
49 167 91267 
49 200 37809 
49 241 69361 
49 314 71632 
49 397 79328 
50 62 61442 
50 86 95723 
50 111 27765 
50 152 2958 
50 249 23426 
50 322 42301 
50 375 8764 
50 397 93438 
51 94 73873 
51 129 25525 
51 194 68654 
51 242 24627 
51 269 25464 
51 271 50092 
52 168 34749 
52 308 92332 
52 358 40267 
53 60 11104 
53 97 23562 
53 159 12713 
53 161 44919 
54 131 23682 
54 142 68902 
54 189 17296 
54 291 32814 
54 320 32106 
54 321 30867 
55 117 76665 
55 146 36837 
55 247 19837 
56 61 49808 
56 193 83937 
56 209 89259 
56 238 87386 
56 363 64374 
56 392 70829 
57 77 76054 
57 238 84893 
57 266 59856 
57 294 3970 
57 342 15164 
57 354 42183 
57 391 18581 
58 236 5993 
58 351 59546 
59 61 25801 
59 94 70249 
59 164 55888 
59 212 59764 
59 286 8534 
60 118 84960 
60 197 30449 
60 220 28882 
60 237 39090 
60 316 86156 
60 394 95211 
61 136 75413 
62 80 28129 
62 129 25705 
63 91 79446 
63 115 60700 
63 243 39863 
63 305 97523 
63 319 63309 
64 129 22165 
64 196 72056 
64 252 46508 
64 292 46497 
64 322 61099 
65 127 93334 
65 143 10765 
65 182 57291 
67 80 67002 
67 120 51195 
67 212 49497 
67 222 64474 
67 282 53879 
67 341 80009 
67 386 77721 
68 187 75304 
69 92 22008 
69 137 87276 
69 259 81945 
69 264 45014 
69 281 79289 
69 298 8211 
69 341 7032 
70 122 3915 
70 210 92481 
70 344 25672 
70 373 70886 
71 99 70314 
71 224 5110 
71 258 51838 
71 263 90291 
71 278 54774 
72 117 29346 
72 252 13824 
72 288 40629 
72 392 92218 
73 168 21677 
73 186 11916 
73 281 20418 
74 103 52763 
74 107 9637 
74 118 30004 
74 119 99502 
74 171 12354 
74 252 63917 
74 322 85742 
74 361 79315 
74 368 52268 
74 379 51935 
74 380 31214 
75 83 14277 
75 101 61240 
75 149 49500 
75 209 48385 
75 220 43904 
75 232 32869 
75 244 77471 
75 396 40498 
76 101 14754 
76 124 6612 
76 175 30981 
76 243 77664 
76 350 75810 
76 362 76419 
76 384 87135 
77 113 54126 
77 343 50585 
78 329 70363 
79 198 88971 
79 369 89566 
80 140 42488 
80 226 37364 
81 89 99735 
81 104 92024 
81 256 20442 
81 327 91232 
81 358 30552 
81 372 43459 
82 113 56611 
82 140 13100 
82 142 69712 
82 340 14426 
83 157 57536 
83 161 22893 
83 297 79942 
83 349 12055 
84 132 44608 
84 248 55239 
85 267 4850 
85 341 42949 
85 390 92229 
86 91 36405 
86 107 8317 
86 146 48765 
86 220 3485 
86 316 25009 
86 333 74848 
86 357 16199 
87 130 20969 
87 275 33128 
87 309 72522 
88 179 10378 
88 183 9584 
88 202 30221 
89 169 96793 
89 192 87939 
89 289 40583 
90 101 68189 
90 123 72379 
90 212 48754 
90 231 43474 
90 263 97296 
90 307 32746 
91 99 1767 
91 106 70418 
91 116 19889 
91 134 77291 
91 182 86884 
91 275 35307 
91 364 12390 
91 380 88508 
92 203 82948 
92 227 6040 
92 243 1450 
92 365 99926 
93 144 80177 
93 281 28037 
93 319 80846 
94 167 33216 
94 242 70974 
95 248 4394 
95 304 80729 
96 135 35895 
96 181 39437 
96 200 24555 
96 205 18464 
96 231 95259 
96 348 94953 
97 107 88251 
97 139 4197 
97 219 42122 
97 342 77023 
97 371 65659 
98 224 78924 
98 309 38297 
98 330 97662 
98 343 63048 
98 389 64457 
99 115 27346 
99 180 28997 
99 210 22114 
99 373 59088 
99 379 39623 
100 126 95038 
100 167 3016 
100 274 99334 
100 288 20007 
100 302 61786 
101 150 22268 
101 234 90460 
101 252 23583 
102 114 19301 
102 235 86641 
102 400 55356 
103 195 61912 
103 264 59286 
103 292 51969 
103 317 16940 
104 166 70042 
104 177 39899 
104 325 34517 
104 328 37491 
105 136 89432 
105 237 68571 
105 244 6723 
105 265 11093 
105 284 32060 
105 290 53724 
105 376 68997 
105 391 49699 
106 141 906 
106 152 70304 
106 178 99870 
106 181 67953 
106 300 46781 
107 163 80959 
107 172 6013 
107 209 54942 
107 219 23476 
107 305 98432 
107 308 55716 
108 174 89542 
108 257 34354 
108 355 36114 
108 384 19568 
109 139 74034 
109 194 49820 
109 363 1039 
110 154 59243 
110 333 99909 
111 128 83248 
111 179 94559 
111 211 94689 
111 214 61821 
111 222 98487 
111 315 6397 
111 378 41403 
112 280 77732 
112 295 54752 
112 353 90510 
112 357 47463 
113 285 10511 
113 380 12607 
114 175 65387 
114 186 47514 
114 342 30506 
114 392 96277 
115 257 42962 
116 137 3224 
116 159 98106 
116 218 35081 
116 313 45573 
117 125 53677 
117 194 35460 
117 285 29950 
117 355 85115 
117 365 2530 
117 369 13688 
118 145 49396 
118 231 89984 
118 237 74152 
118 269 48629 
118 341 99631 
119 144 18371 
120 160 93253 
120 229 24384 
120 261 35463 
120 280 96140 
120 322 42886 
120 366 74197 
121 230 67680 
121 243 24722 
121 341 8955 
122 193 85551 
122 241 67693 
122 264 15970 
122 317 25669 
123 189 14799 
123 214 35259 
123 309 3770 
124 129 23391 
124 181 12290 
124 192 67338 
124 277 17960 
124 286 67011 
124 307 99490 
124 378 32372 
124 385 36819 
125 128 50925 
125 196 32010 
125 228 97449 
126 350 41304 
127 198 92526 
127 292 43609 
128 147 6896 
128 201 42529 
128 278 67590 
128 288 29127 
130 307 23014 
131 152 97874 
132 134 12464 
132 153 14503 
132 254 36812 
132 298 51063 
132 370 34540 
133 155 91283 
133 277 1638 
134 241 17120 
134 317 79594 
134 356 43368 
135 138 86412 
135 174 30018 
135 197 82345 
135 202 49593 
135 208 27378 
135 271 8375 
135 329 27366 
135 371 59091 
136 145 9197 
136 227 63876 
136 305 59610 
136 347 70969 
136 354 66216 
136 357 59733 
136 395 72717 
137 249 92619 
137 268 7623 
138 221 64139 
138 241 20420 
138 285 13070 
138 314 72358 
139 258 51061 
139 304 91738 
139 328 35888 
140 150 47910 
140 265 26517 
140 281 86317 
140 379 71844 
141 200 3714 
141 278 5822 
142 295 20668 
142 300 92653 
142 314 14177 
142 337 93641 
142 386 56577 
144 175 98531 
144 357 86119 
145 260 7487 
146 233 10849 
146 308 23350 
146 314 93034 
146 324 26319 
146 350 39665 
147 212 4269 
147 283 56092 
147 370 55010 
147 377 52140 
148 224 9754 
148 319 87835 
149 161 25861 
149 264 44160 
149 333 84713 
150 277 60964 
150 326 55357 
151 152 63548 
151 177 79432 
151 254 46937 
151 351 21087 
152 163 51262 
152 187 80645 
152 319 94125 
152 395 26585 
153 225 37112 
153 261 2239 
153 334 7240 
153 347 79407 
154 239 50073 
154 286 48640 
154 304 68665 
154 340 69144 
154 347 63742 
155 248 80128 
155 397 98658 
156 176 8263 
156 185 35140 
156 227 91755 
156 256 29019 
156 318 53979 
156 330 26720 
157 279 36435 
157 316 49762 
157 351 91345 
158 188 20522 
158 233 61156 
158 273 96308 
158 316 94998 
159 189 13967 
159 206 33786 
159 302 45594 
159 381 66421 
160 194 72650 
160 316 32 
160 382 54494 
161 180 47401 
161 209 77373 
161 296 42370 
161 330 48541 
162 250 75809 
162 303 72961 
162 309 16975 
162 371 12807 
163 230 334 
163 253 430 
163 335 35207 
163 363 59087 
163 379 79117 
164 198 56287 
164 203 95595 
164 384 15108 
165 324 13141 
165 355 6164 
165 367 93970 
166 325 59536 
167 215 57010 
167 275 62015 
167 336 10007 
167 397 76797 
168 207 859 
168 273 5237 
168 291 26678 
168 299 29215 
168 337 95954 
168 365 91622 
169 310 31428 
170 197 47954 
170 216 54588 
170 366 54911 
170 369 46386 
171 294 75976 
171 312 20250 
171 321 11596 
171 378 45210 
172 232 87019 
172 260 84201 
172 306 31658 
172 374 11039 
172 383 33077 
173 229 42970 
173 239 19545 
173 256 843 
173 293 49521 
173 314 52215 
173 349 81483 
173 396 7561 
174 220 77696 
174 233 59038 
174 342 55624 
174 367 21055 
175 178 5305 
175 182 82578 
175 253 27688 
175 288 61544 
175 293 9494 
175 358 29847 
175 398 80485 
176 224 45020 
176 239 24264 
176 244 25665 
176 276 52334 
176 330 80549 
176 363 7587 
176 389 82625 
177 300 61537 
177 312 19136 
178 323 40366 
179 252 40914 
179 272 48589 
179 334 83082 
179 347 67104 
180 183 49205 
180 317 37731 
181 267 92777 
181 309 42084 
181 310 73513 
181 316 16746 
182 209 33620 
182 250 10003 
182 270 83617 
182 298 22328 
182 326 95560 
183 338 70281 
184 222 78554 
184 365 20770 
185 330 71257 
185 393 59635 
186 303 11207 
187 255 1236 
187 264 51910 
187 272 12613 
187 279 55853 
188 239 34063 
188 253 22177 
188 267 48752 
189 393 58834 
190 301 22962 
190 362 76530 
190 393 1831 
191 197 60937 
191 218 9319 
191 231 8790 
191 314 11514 
191 356 78570 
192 216 25928 
192 217 98005 
192 274 45896 
192 321 10477 
192 323 16320 
193 292 97193 
193 350 60406 
194 216 33258 
194 369 42721 
194 381 94259 
195 332 1550 
195 357 98675 
196 201 53175 
196 206 83879 
196 350 1360 
196 359 93472 
197 264 13144 
197 374 34655 
198 231 69330 
198 367 29132 
198 383 49166 
199 261 26276 
199 324 34502 
199 395 94663 
200 368 40672 
201 273 90317 
201 308 25604 
201 350 56108 
202 219 83306 
202 245 84715 
202 352 22382 
202 365 83810 
203 216 40544 
203 227 46764 
203 285 93285 
203 295 58644 
203 344 81403 
204 223 18551 
205 249 22003 
205 292 74632 
206 227 84709 
206 289 52555 
206 314 91932 
206 332 1912 
206 352 81181 
206 361 43745 
207 356 83103 
207 377 5889 
207 382 71189 
208 279 46259 
208 307 46572 
208 379 34863 
209 239 13508 
209 357 68908 
210 214 35371 
210 223 78449 
211 255 2041 
211 259 96069 
211 333 62655 
212 383 31674 
212 398 35095 
213 371 3999 
214 304 14917 
214 395 3519 
215 265 7007 
215 287 2255 
216 325 76756 
216 384 57740 
216 398 25896 
217 263 81082 
217 309 60590 
217 362 33335 
218 380 53467 
219 249 3576 
219 266 62807 
219 307 33874 
220 232 86786 
220 326 7732 
221 224 94394 
221 241 60049 
221 364 64585 
221 376 92749 
222 250 87754 
222 280 41608 
222 385 18217 
223 351 10293 
223 371 64569 
224 333 73086 
224 374 42493 
224 400 19214 
225 243 33285 
225 285 39426 
225 288 48313 
225 303 16346 
225 344 91972 
225 347 14825 
226 232 46152 
227 278 36621 
227 381 36209 
228 244 80305 
228 355 71198 
228 361 19532 
228 396 14339 
229 233 58141 
229 252 69367 
230 285 43089 
230 321 90285 
231 233 49531 
231 306 84040 
231 316 27101 
231 342 81558 
231 362 8268 
231 371 68767 
232 344 87090 
232 376 13886 
233 293 73993 
234 236 82412 
234 259 4256 
234 262 18122 
234 264 535 
234 277 11554 
234 296 36268 
234 388 91468 
235 245 48065 
235 365 2675 
236 237 61711 
237 277 79913 
237 400 81528 
238 283 39170 
238 343 57349 
238 356 62906 
238 364 81955 
239 335 7535 
240 264 94842 
240 309 22261 
240 310 58194 
240 314 9758 
240 316 89624 
241 332 98093 
242 264 13534 
242 296 50113 
247 314 20527 
248 317 17023 
250 290 90686 
250 341 48330 
250 348 48293 
250 389 15880 
251 325 8015 
251 349 96494 
252 294 39604 
252 319 66375 
252 396 24678 
253 263 44938 
253 353 42071 
254 266 90227 
254 362 84637 
255 358 24636 
255 366 88651 
256 302 93232 
256 355 6442 
257 343 96601 
257 364 12118 
258 341 4879 
258 372 4917 
258 383 77 
259 339 90907 
260 323 14033 
260 345 54854 
260 354 22628 
261 287 90211 
261 315 31063 
261 323 59085 
263 316 60520 
263 397 81821 
264 313 98832 
265 289 26847 
265 315 11946 
265 317 13405 
266 287 50265 
266 326 86576 
267 290 85995 
267 296 17193 
267 316 27846 
268 281 37847 
268 320 87994 
268 398 59709 
269 316 91087 
269 325 24399 
269 331 18397 
269 340 53712 
270 315 38074 
270 331 5647 
270 375 51111 
270 379 34717 
271 282 21183 
272 287 27939 
272 331 5853 
273 284 8753 
273 382 6770 
275 339 30177 
276 292 86293 
276 299 61222 
276 338 76184 
276 339 53048 
276 380 21055 
277 380 21932 
278 358 35420 
280 357 92971 
281 317 91366 
281 340 40090 
281 386 18104 
282 398 66039 
283 338 98501 
284 329 44335 
285 318 40068 
285 371 78128 
286 308 1285 
286 363 93383 
286 387 80913 
287 327 50303 
287 390 64651 
288 321 88571 
289 324 22906 
289 355 46385 
291 293 19450 
292 344 28110 
292 346 57507 
293 376 8084 
294 327 30903 
294 350 68631 
294 361 53907 
296 308 97461 
296 317 68202 
296 328 9006 
297 340 39128 
297 367 29512 
297 369 68641 
298 359 54015 
299 304 11331 
299 326 91815 
300 341 25309 
302 312 7065 
302 338 1223 
302 339 30019 
302 340 8177 
303 317 63444 
303 357 50352 
304 360 39161 
307 390 78646 
308 341 36985 
309 322 2723 
309 349 40255 
309 351 42979 
309 361 58145 
312 385 72608 
313 322 25490 
313 328 54888 
313 354 39845 
313 366 88024 
314 398 67589 
315 349 71443 
315 355 7822 
316 333 51522 
316 383 85096 
317 319 85216 
317 329 50467 
317 345 89561 
317 347 74777 
317 380 23273 
318 349 56247 
318 387 4109 
319 385 46734 
319 400 4975 
321 322 97570 
321 348 86043 
324 326 54375 
324 371 10577 
325 349 41940 
325 362 97191 
325 381 34869 
326 370 71527 
326 384 40181 
328 371 59946 
328 376 96155 
328 388 7468 
328 400 23925 
332 353 9649 
332 392 50529 
333 348 23255 
334 346 63421 
334 354 14976 
336 341 15661 
337 342 38653 
337 384 58526 
339 375 75712 
340 343 92123 
340 364 97842 
340 381 63093 
341 345 70338 
341 374 84503 
342 347 82119 
343 387 28881 
345 376 54499 
348 390 25016 
350 371 80873 
351 366 98044 
352 363 48131 
355 397 92021 
355 400 30894 
356 376 4572 
356 386 6098 
358 387 3643 
364 381 45894 
371 400 38049 
374 384 77229 
375 385 45165 
376 382 57576 
377 382 16779 
378 397 42097 
379 389 53395 
384 393 99645 
387 396 69482 
388 398 34707 
