            1
          500        2500          83 258
     443     374     353     437     483      59     215     224     325     403
       5      46      43     494      82     111     252     453     405      99
     147     157     185     253     364     461     320     210      50     478
     150      66      34     365      32     180     280     246     284     341
     447     360      30      40     487     371     356     242     179     414
     178      29     402     311     271     106     457     425       4     333
     134     163     409     298     499     172     339     151     471     124
     361     229     264     398     109     342      51     347     213     328
     426      83     257
      26      74      97      45      32      65      47      54      78      86
      57      74      85      88      24      11      93       4      71      79
       4      50      23      41      51      65      84      33      97      29
      59      53      94      33      70      73       8      55      24      18
      29      16      79      74      12      63      94      34      43      58
      33      15      56      92      74      74       8      66      86      62
      55      26      63       9      19      23      77      19      22      72
      34      69      70      97      66      71      34      77      97      75
      97       6      63
   430   228     8   430    36     9   228   279     7
   101    36     6   430   182     3   310   279     4
   310   412     5   101   321     6   452   412     2
   395    36     5   337   321     6    81   310     5
   430   423     1   310   490     7    81   304     3
   321    58     3   189   228     4   143    81    10
    14   101     8   499   395    10   310   173     4
   183   189     4   395   421     3   490   361     6
   217   182     4    36   377     1   101   245     2
   337    55    10    92   452     4   298   183     7
   310    47     2    81   161     4   421   303    10
   298   176     6    14   294     3   245   338     6
   160   377     3   327   361     8   319    55    10
    55   175     3   224    58     9   361   296    10
    45   321     8   275   175     8    91   279    10
   266   423     2   183   282     3   469    36     4
   309   183     6   444   298     2   163   337     7
   371    91     2    71   182     8   161     6     8
   337   259     1   215   377     6   393   183     2
   175   236    10   462   309     9   319   237     1
   423    66     6   133   393     6    11   304    10
    55    63     7   215   403     6   294   249     2
   317   275     6   249   214     8   361   479     7
    66   415     9   214   123    10   275    85     7
   170    47     5   164   175     4   275    94     2
   361   347     1   195   259     4   314   377     1
   202   303     3   371   257     5   217   441     8
    75   215     8   338   210     2   182   284     6
   321   425     9    60   175     5   441   280     9
   105   321     9   141   338     5    55    73     7
   399   224     2   284   108     1   347    15     1
    66   153     1   304    86     2   228   131     9
   199   161    10    14    65     7   477    58    10
   102   259    10   160   252     6   219   182     1
    81   167     6   254   403     7   339   183     9
    80    11     5   401   102    10   280   467     3
   219   155     9   101   436     9   366   339     5
   105   216     7    10   143     2   257   357     9
   178   423     6   399   297     9   243   423     1
   433   296     4   393    62     1   146   224     1
    13   105    10   319   354     1   210   140     8
   173   272    10    55    23    10   347   363    10
    65   106    10    60    35     8   299   441     5
   368   423    10   303     8     1   461    65    10
   192    11     3   415   350     7   452   251     9
   333    92     6   334   338     1   100   309     6
   298    77     5   168   102     8   127   224     9
   192    87     8   366   351     7    70    75     5
   153   463     2   484   377     3   257   473     8
   484   301     4   396   377     7   261    65     9
   363    50     6   405   296     3   350   329     5
    70   231    10   183   288     6   106   398     8
    46   101     5   483     6    10   373   298     2
   267   347    10   109   106    10   339   331     5
   261   285     2   213   183     7   118   280     2
   421   489     5   428   415     8   123   191     7
   226    81     5   301   233     1   425    59     4
   146   276     4   478   461     2   393   402     8
   433   159     1   161   295     1   256    60     6
   101   370     6    59   454     2   230   399     2
   267   150     2   144   226     9    56   267     5
   206   478     4   198    85     4    55   136     6
   371   126     8   215   306     7   212   309     9
   462   456     8   152   175    10    73   459     1
   101   341     3   264   164     5   114   425     8
   321    28    10    29   321     6    72   285     3
   331   340     3    91   157     7    58   181     9
    98   127     9   299   460     4    75   205     7
   330   462     1    90   228     4   395   487     7
   279   332    10   133    78     1   421   431     6
   158   102     1   243   271     4   233   110    10
   271   365     9   338   286     4   457   337     3
   148   304     4   157    18     5   407   338     6
   354   207     7    36   223     5   176   397     8
   278   257     8   422   401    10    53   490     3
   364    59     4    22   412     5   259     7     1
   393   359     8   269   366     2   245   184     3
   126   139    10    93   126     5   167   147     1
   285   387     7   354   248     4   233   464     9
   110   352     7   113   223     2   420   405     4
   155    52     6   436    30    10   105   302     1
   156   223     8   250   428     9   106   427     2
   442    13     8   293   354     6   148    49     8
    90   268     8   405   342     4   224   485     4
   199    51     3   305   396     9   358    50     6
   229   366     2   491   304    10   228   379     7
   454   313    10   458   306     6   434   271     9
   497    49     2   194   469     6   376   219     2
    11   481     5   246   310     6   143   174     9
   180    66    10    19   123     3   139   476     4
   202   386     2    64   402     3   463   240     1
   119   223     2   459   121     5   213     1    10
   441   471     2   500   102     1   143   162     6
    71   447     8   342   165    10   480   489     1
   295   416     3   389   163     8   291    87     5
   137    86     6   138    45     7    25    80    10
    95    49     9    55   432     5   279    40    10
   323   178     8   480   196     1    63   381     5
   224   197     8   434   449     9   424   101     2
   376   391     6   494    13     7    22    96     2
   483   426     1   352    31     3    68   279     1
    54    96     4   352   493     9   389   273     2
   480   414     4   116    47     8    26   461     8
    13   320     9   345   424     8   397   244     4
   495   454     4   462    61     7   493   201     1
   126   443     7   312    93     5   432   308     5
   232    98     9   287    87     1   324   298     1
   129    75     3   291   369     6   365   438     3
   208   192     5   125   459     6   155   290     3
    45   193     1   120   215     9   235   370     9
   413   337     8    86   258     8     5   306    10
   174    89     6   289   217     1   378   180     4
   261   384     3   253   312     8   172   376     4
   413   190     6   194   417    10   480    48     7
   130    86     5   244   255     8   112   377     5
   237   234     3   380   284     7   237    43     8
    94     2     1   429   114     7    74   432     5
   339   111    10    59   445     2   227   490     5
   226   400     7   345   307     8   409   310     5
   349   364     2   107   473    10   124   162     7
    20     7     7    34   477     2   171     8     6
    66   353    10   372    81     4    16   333     3
   189   283     1   367   320     8   488    20     1
   408   428     6   494   472     1   498   192     3
   268   270     3    69   183     2   436    82     3
    43    76     6   438   177     4   225   121    10
   128   288     4   269   218     8   309   328     8
   459   411     2    14   475     8   179   193    10
   145   372    10   227   390    10   232   344     8
    17   481    10   319   448     2   335   110     4
   176   385     2   486   479     9   408    67    10
   392    69     5   409    97     2   369   117     7
   268   470     8    17    44     3   288   292     2
   186   309     1   340   300     3   460   382     8
   203     1    10   115    30     7    83    81     3
    32   246     3   315   487     6    16     4    10
   362   246     9    24   251     2   202   154     9
   183   132     6   200   427     8    22   277     1
   459   274     2    77   468     7    81   336     5
   242   249     9    35   104     9   439   225     2
   478   241     3    99   329     3   310   455     8
   466   314     4   453   488     1   328   343     9
   285   318     6   383   479     9    27    24     1
   116   265     7   281   313    10   404   107     8
   230   149     4   185   264     7   418   155     3
   151    44    10   385   410     7   356   453     6
   171    38     6    16   451     3   301   435     6
   231    21     3   237    88     6   294   465     5
   419   361     4    54   238     6    84   254     3
    22   166     7   355   261     7   135   288     9
   257   188     7   348    13     2   311   202     4
   342   122     4   328   169     6   410   263     5
   246   209     2   375   243    10   233   262     4
   409   360     7   197    42     9   489     3     5
   142   133     9   112     9     4    37   273     8
   458    39     5   278   496     6   322   425     7
    41   128     6    27   374     9   258    12     5
   440   155    10   450   162     8   268   187     4
   127   388     5    59   474     9   346   454     4
    48   325     6   316   118     3   211   500     3
   312   260     8   495   134     5   406   475     2
   460   103     7   394   188    10   130    33     4
   222    16     2   295   239     8   441    79     6
   220   323     6    57    65     2   247   353     9
   342   221     6   204   337     7   443   492     2
    62   437    10   326    14     1   482    92     2
   446   394     2    73     7     4   488   322     4
   103    51    10   351   180     9   419   312     5
   133   475     4   364   297    10   333   331     7
   391   103     8   148    22     3   246   234     7
   217   449     7   326   266     4   247   226     6
   283   310     6   110   405     8   356   252     4
   156   229     4   318   348     2   404   203     4
    59   123     8   191   140     5    37   332     7
   343   110     6   417   180     5   129    83    10
   205   169     2   336   327     1   347   279     3
   489   490     9   460   193     5   124   183     6
    94    12     6   103    44    10   416   400     9
   453   282     7   280   364    10   168   494     6
   243   499     4   115   261     1   287   307     6
    61   107     1   176   401     7    57   373     1
   253   159     5   336   441     9   285   218     6
   407   354    10   391   116     8   194   222     4
   284   492    10   166   390     1   406   329     5
   219   366     7   407   197     6   254    46     6
   252   476     5    50   165     9    73   307     4
   103    89     1    65   201     5   333   229     7
   275   147     1   337    19     4   378   393     2
   134   257     8   420   446     9   426    74     9
   191   277     6   400   321     4   417   420    10
   377   497     3   481   169     6    38   170     9
   208   489    10   214    55     8   217   228     9
   175   172    10    87   294     8   102    57    10
   442   192    10   205   329     3   399   355     9
   282   200     3   262   166     5   384    94     7
   369   385     1   420   356     2    95   227     9
    47   389     8   454   406     3   393   314     6
   210   199     6   143   190     6   423   290     8
   419   290     8   316   157     3   320   151     4
   223   257     3   237   462     9   391   465     5
   443   140     8    43   123     7   298   355     4
   384   145     9   394   399     8   111   289     8
    59   294     3   206   127    10    12   398     4
   308   225     6   238    56     3   279   236     6
   332   119     2   356    52     8   142   321     7
   433   166     6   248    25     4    27   471     8
   310    88     4   168    56     2    89   333     9
    53   396     4   114   181     5   155   212     4
   264   354     7   405   369     5    70   217    10
   183   450     7   404   225    10   315   444     1
   299   296     3   145    68     8    17   388     9
   260   178     6   157   291     4   101    86     6
   145   158     4   339   444     3   206    65     2
   398   415     9   383    28     3   347    78     4
   320    30     9   492   415     7   269   483     2
    17    60     9    32   282     8   368   433     5
   313   323     7   390    86     7   135   217     7
   249   103     2    60    95     1    69   348     8
   144     5     7    25   284     5   230    32     1
    74    41     6   339   332     4   448   261     7
   164   315     3   311   115     4   327   159     1
   335   332     2    43   193     3   135   119     2
   265   214     7   411   200     5   403   480     7
   253   410     5   448   459     9   363    16     5
   500   220     6   275   357     3   361   480     5
   174   127     3   343    84     9   399   323    10
   463   313     9   487    24     5    76   352     6
   470   476     5   345    85     7    38   305     2
    19   457     1    18   319     1    98   113    10
   417   188     4    55   451     5   110   190    10
   209   349     8   387    49     9     1   101     5
   440   256     5   172   330     3   305    21     1
   500   200    10   359   337     9   419   447     2
   491   389    10   293   227     1    63   149     1
   190   194     3   117   316     9   487   105     5
   409   405     4   356   352    10   226   295     3
    23   313     7   170   254     6    73   361     1
   115   313     5    92   350     1   391   280     2
   339    12     4   334   484     4   299    88     3
   436   102     9   195   453     1   336    74     9
   446    70     3    84   431     5   360   200     7
   181   464     5   270    11     6   165   251     3
   243   252     9   181   435     7   226   312     3
   410    92     8   128   259     5   134   288    10
   127   479     5   213   405     8   471   456     2
   254    36     9   259   416     4   302   165     2
   419   185     9   242   205     3   373   154     6
   369   170     8   338   119     7   370   177     7
   371    29     1   140   215     4   156   312     5
   181   151     5   386   165     2   286   487     7
   226   301     9   372    64     9   239    60     2
   337   332     7    36   256     1    73    39    10
   179    97     7   344   117     6   360   177     9
   133   462     5   356   491     3   407   446     2
   124   383    10    73   476     2    45   186     3
   500   312     5   219   408     8    73   151     3
    64   234     6   421   174     3   407   251     6
   105    96     2   473   371     8   343   289     9
   282   481     8   472   258     1   148   464     3
   410   191     9    93   157     9   357   226     5
   278   121     2     8   234     1    65   158    10
   370   173     4   461   441     3   332   263     6
   296   135     9    83   200     1   431    15     6
    39     3     7   375   422    10   116   179     5
   344    34     1   383   155     6   425   386     7
   436   479     8   113   111    10   185   127     6
   447   341     1   287   448     9   329   408     1
   404   247     6   450   100     9   209   153     4
   207   497     1   218    64     8   128   470     7
   444   448     5    71   397     5   255    14     8
   223    83     7    81    19     9   153    28    10
    24   209    10   396   252     4   389   365     9
   208   449     1   369    10     5     3   369     9
    89    32     4   319   132    10   303   428     7
   400   457     8   121   435     5    41    79     2
   386   244     4   289   399     1    74   264     8
     7   473     1    40   412     3   233   237     3
    54   451    10   112    56    10   270   160     3
   164    51    10    59   405     3   171   492     1
    77   221     5   211   252     5   201   138     3
    69   213     9   100   297     5   412   351     2
   112   290     4    38   389     2    75    84     7
    91     1     6    47    58     5    30   198     5
   366   165    10   379    15     9   115   449     5
   410   454     9   409   203     8   367   495     8
    79   266     9    87   250     6    15   338    10
   269   119     3    78   262     5   138   338     5
   169   126     3    29   198     6    84    64    10
    43   154    10   255   378     1   377   191     6
   136   451     7     5   307     5   289    64     5
    30   296     6   215   341     9    20   417     1
   152   292     8   107   245     5   179   330     1
    55   351     6    88   474     9    72   291     4
    66   255    10   177   407     1   463   425     8
    55   399     4   217     9     3   315    73     7
     1   171     8   301   126    10    40   291     4
   411   189     6   296   461     1   432   116     8
    26    85     1   261   262     4   117   280     8
   493   164     7   135   103     7   158   148     2
   200   487     4   129   303     1   370   239     7
   398   210     2   313   420     9   412   137     7
   457   461     5   193    80     9    90   475     1
   366    49     6   174   109     9   392   447     1
   217   201     6   164   449     9   224   126     1
   158   423     1    29   478     9    11   105     4
   411   332     6   315   361     4     4   297    10
   426   351    10   298   466     1   397   331     7
   140   409     8   169   160     5   445   240     8
   220   148     4   100   283     2    30   261     1
   181   205    10   499   166     3   149   361     2
   121   295     6   371   202     7   380   105     7
   430   485     8    74    31     2   344   183     4
   464   453     5   388   253     6   358    98     1
    99   330     8   287   164    10   410   312     8
   182   189     8   326   365     6   326   137     9
   409   237    10   372   217     9   220   348     7
   120   196     8   183   347     1   267   499     5
   215   112     9    25   173     2    98   392     8
   435   344     3   255    74     3   397   374     4
   404   434     4   194   475     4    45   334     7
   147    22     4   188   312     3   212   237     6
   341    52     1   475   109    10   425   472     1
   223   478     7   495   474     3   323   259     9
   443   182     8   346   292     9   402    17    10
   462   372     3    29   361    10    73   262     9
   353    81     8   488    15     2   345    94     1
   496   248     5    22    12     8   139   389     5
   250    44     6   261   111     9   445   120     1
   112   432     4   297    74     9   407   321     8
   134   181     4   404   245     9   392   298     5
   258   330     8   217   167     7   472    14     5
   440    92     2   285    48     6   271   497     7
   234   368     7   359   308     6   440   231     4
    36   145     9    28   341     4   494   205     7
   424   457     1   179    11     7   213    51     4
   133   407     1   297    39     8   396   370     9
    76   482     5   237   375     1   345   332     7
   348    74     2   304   203     2   317   359     4
   467   131     9   190   317     4   486   107     2
   179    36     9    49   253     2   168   440    10
    91    67     2   246   240     9    10   486     6
   279     5     7   276   313    10    30   383     8
    98   337     3   231   157     5   308   397     2
   359   401     5   256   331     4    37   439     9
    78   399     5    33   500    10   118   387     2
    10   240     2   288   378     5   331    23    10
   428     3     7   416   279     7   468   179     2
   294   414     4   311   259    10    49   256     9
     2    72     7   464   136     3   495   349     8
    55   302     3   133   117     2   264   276     1
   165   231    10    11   496     5    38   158     7
    94    68     5    75   373     9    11    81    10
   188   342     7     5   110    10   240   171     6
   236   343     3   417   178     6    23   200     6
   298    73     1   116   373     8   206   290     6
   385     8    10    22    86     5    47   128     4
   412    80     5   468   388     9   228   173     7
   156   454     6   255   208     5   399    53     2
   241   259     8   111   154     6   466   335     7
   386   311     8   141   138     2   179   403     5
   491    24     2   490   334     8   273   233     8
   200   414    10   194   236     9    39   169    10
    25   176     9   107   435     5   412   206     5
    12   155     8   495    72     9    25   483     8
   354    11    10   388   500     9    30   190     6
   363   461     4   478    99     2   284   484     9
   500    62     9   124   272     5   136   197    10
   415   301     3   420    66    10   249   465     7
   260    54     6   188   380     2   204   359     5
   421   462     4   155   392     9   389   215     9
   329   152     5   140   417    10   294   441    10
   130    44     3   381    39     2   405   300     9
   177   260     5   123   390     9   428    79     9
   122    29     9     6    65    10   325     2     4
   365   409     1    19   177     1   375   469     9
    89   296     5   482   385     5    72   220    10
   155    46     7   130   162     1   366    67     5
   120   437     9   352   124     3   203   321     1
   442   197    10   120   134     5   198   200    10
    52    81     6   493    52     3   423   302     3
    11   321    10   113    44     4   279   388     2
   443   385     5     5   500     1   407    95     2
   314    24     7   352   279     3   200   365     5
   367   146     5    93   243    10   367   282     4
   416   424     2    50    92     1   428   383     2
   142   183     3    88   112     2    45    24     8
     5   434     2   279   175     6   338   215     8
   398   366     2   408   382     8   330   243     8
   487   495     3   295   256     7    87    14     8
   205   463     1   123   291     2    57    20     9
   322   403     9   163   230     6   128   468     2
    93   159     1   101   227     8   316   162    10
   353    91     2   265   231     2   257   344     1
    58   475     1   190   356     6   292   132     1
   287   128     7   180   233     5   337   121     2
    32   437     5   281   403     1   184   450     8
   386    16     8   378   489     8   449   111     1
   422   226     8   323   310     7   362   329     8
   307   299     6   494   495     5   352   426    10
   473    91     5   172   247     1   121   229     4
   239   412    10   237   397     8   446   481     7
   123   218     9   204   389     9   111   242    10
   143    84     1   255    81     9    95   132     2
   175   225     9    98   212     2   434   115     6
   209   361     5    93    45     4   259     6     8
   294   375     2   107   422     6    93   238    10
   285    76     2   198    44     5   237   103     1
   281   179     4   460    70     4   141   386     5
    58   457     8   461   152     4     5   403     9
   419   319     9   397   318     2   136   421     8
    76   377     6    45   207     3   465   202     3
   280    26     9   270   396     4   105   402     3
    74   235     8   483   127     4   348   427     8
   332   156     5   192   153    10   302   482     1
    73   454     9   500   482     5   244    26     8
   200   247     4    52   340     6    50   328     8
   441    60     9   322   129     2   278   348     5
   185   246     6   319   478     2   333   248     4
    66   309     3   129   354     5   105   316     9
   182   170    10   496   326     9    28    81     1
   311   308     1   296   257     2   374   120     2
    36   425     9   351   296     5   299   396     9
   217   252    10   441   146     5   347    83     3
    15    78     9   249   292     9   465   410     7
   326   232    10   369    97     9   116   320     3
   407   325     2   416   149     1   500   479     9
    31   388     9   384   281     8     3   150     8
   407   422     4    35   192     7   138   347    10
    38   494    10    16   191     8   319   135     6
   181   365     5   196    78     2   370   433     4
   227   108     4   436   417     8   279    16     4
   155    21     8   485   439     6   170    52    10
   238   434     9    57    66     7   242   100     6
   294   349     7   362   157     7   177   128     5
   420   239     6   405   114     4   139   185     2
   397   233     3    83   114     1   110    62     6
   157   376     2    86   474     4   440   144     6
   266   473     7   186    82     1   361   177     6
   334   482     5   475    59     6   121   266    10
   298   434     4    39    27     9   142   146     6
   499    77     7   169    40     3   459   500     1
   151   476     6   401   226     3   460    24     5
   372   206     7   266     3     5   236    74     2
   380    35     9   483   172     7   471   454    10
   118   483     6   190   243     5   421   400     9
   371   496     4   317    37     7   110   135    10
   193   226     9   314   318     3   219   458     4
   498    72     7   413    40     7   196   102     9
   223   244     3     3   204     8   216   327     3
    70   163     3   335   384    10   136    38     7
   447   483     9   196    76    10   412   472     8
   389   466     2    25   499     2   201   459     4
    58   178     4   233    24     2    13   251     4
    29   187     5   483   187    10    53    50     8
    44   499     9   160   147     9   279   481     1
   158   435     8    42   316     8    97   335     6
     6   135     2   414   287     9   388   196     2
   413   163     4   342   148     8   261   444     3
   117   359     9   413   415     3   398     4    10
   255   279     9    87   145     4   184    36     1
   253   350     5   143   149     3   315   146     3
   373   477     9   500   136     2   415   168     7
    47   466     3   295   414     2   313   162     7
    27   172     2    92   297     8   168     1     4
   416   367     4   345     1     7   445   380     8
     1   197     6   180   493     4   442   492     2
    94    87     5   479   441     3   109   488    10
   281   125    10   288   323     8    79   294     7
    96    67     2   451   101     2   351   173     4
   399    90     7   237    56     1   426   142     2
   419   410     2    97   466     9   306   275     6
   454   451     9   383   127     2    87   247     6
   297   304     3    22    98     8   431   218     7
   263   186     8    17   181     9   209   117     7
   459     9     8    12   223     3   251   289     5
   427   332     5   132   354     5    51     6     9
   179   211     6   161    92     2   466   378     7
   402   275     1    25    47    10   445   151     3
   465    51     1   396    24     2   329   145     8
   394   173     4   146    69    10   457   201     9
   482    14     1    20   393     6   147   201     8
   181   233     2   268   391     4    97    74     7
   327   380     5   267    54     5   335   280     9
   144   289     6   149   119     5   438   250    10
   454   246     8   288    36     8   189   365     9
   462   179     6   300   321     8   338    76     1
   122   111     5   275   241     1   122   337     5
   230     1     4    99   341     8   103   119     7
   254   286     3   413   267     1   376   458     6
   338   204     1   400   259     3   470   196     2
    98   457    10    62   316     5   156   143     2
   358   164     2    96   294     8   325   201     1
   445    83     8   227   387     1   228   142     5
   221    20     3    49    14     9   181   276     3
   143    65     6    28   128     3   468   327     4
   486   453     3    62   141     9   203   280     6
    99   413     1   286    89     9   464   197     4
   179   142     8   467   256     3    84   494     7
    53   476     1    44    43     1   315   235     9
    68   388     2   427   480     5   465   480     6
   382   450     1   307   187     4    81   118     8
   219   454    10   326   333    10   308   176    10
   215   219     4    21    96     7     2   462     1
    95   288     9   488   463     6   279   221     3
   437   338     1   162   149     4   303   194     2
   400   255     3   487    86     4   301   321     7
   254   264     4   457   139     2    40   419     4
    51   171     9     8   184     4   100    26     5
    61   253     8   136   282     5    19    92     6
   281   402     4   384   130     4   138   113     8
   401    44     1   421   137     9    76   448    10
    72   148     2   313   357     3    59   355    10
    61   112     4    93   143     6   233   114    10
    64   423    10   304   243     1    33   187     7
   461   229     1   239   483     8   197   249     5
   302    16     7   111   276     6    91   409     9
   111    29     8   239   205    10   255   210     1
   315   178    10    72   330     1   325   204     4
   493   307     1   267   459    10   443   499     6
   370   367     9   411   117     7     3   427    10
   226   355     2    79   112     1   282   376     5
   496   314    10   129   423     5   265   317     8
   177   388     4   317   229    10    87   172     9
   220   467     8    98    44     3   420   460     7
   386   494     5    45   173     4   332    87     5
   107   482     5   281   148     6   350   336     2
   393   195     2   279   153     7   195   491     7
   327   265     4    50   340     1   151   371     7
    41   182     9   426   317    10   319   184    10
   184   365     8    91    30     2   328   131     2
   134   252     5   269   256     6   131    74     2
   256   378     5    37    16     5   232   187     8
   430   261     6    61   386     2    75   294     1
   308   484     7    26   274     2   304   496     2
    49   273     8   230   478    10   380   130     4
   396   361     8   225    48     2   112   277     2
   399    61     5   308   212     3    13    15     8
   455   498     8   111   175     7   357   272     3
   487    54     7   460   250     7   227   232    10
   119    37     7   352   167     9   154   195     2
    69    94     4   256   165     2   173   281     8
    37   259    10   113   176     6   298   206     2
   456   498    10   217   461     1    19   305     2
   208    60     7   462   204     2   440   192     8
   234   314     2   423   496     1   287   156     8
     8   228    10   391   463    10    22   196     6
   157   417     4    81   232     7   491   278     1
   113   310     9   124   213     1    78   408     1
   129   499     5   106   126     7    44    53     3
   425   308     9   112   140     5   115   331     1
   490   268     6   308   443     6   282    60     5
    69   160     3   338   472     7    34   300     4
   112   242     7   465    35     2    89   364     5
   266   112     3   203    60     8    12   179     7
   269   275     5   222   118     5   317   134     2
   378   299     8   191   413     1   356   207     5
    35   482     9   178    22     9   426   372     1
   405    29    10   328   175     6    51   220     6
   202   406     1   110   267     2    78   265    10
   317   404     3   409   175     6   221    11     8
   349   150     2   135   169     4   380    75     5
    17   313     8   299   167     9   226   204     1
   471   187     7    83   148     3   151   126     3
   176   209    10   147   486     9   310    54     5
     8   460    10   479   293     3   187   417     7
   386   385     1   101    67     2    58   173    10
   351   259     2   489   269     6   306   218     4
   349   428     6   246   287     9   302   327     5
   116   479     9   125   383     1   450   489     5
    38   450     3   254    29     2   232    78     9
    83   196     2   210   251     2    45   353     8
   129    52     9   203    89     3   272   327     9
    26   466     7     4     1     2   224   271     3
   172     2     5    41    84     4   418   231     6
   192   327     6    42   394     4   212   362     3
   178   404     2   463   452     2    61    24     8
   218   158     1   386   351     1   220    68     1
   119   202     9   443    44     9   461    61     7
   291    58     1   476   420     9   116   409     8
    73   339     2    14   416     8     1   346     3
   497    40     4   374   408    10   354   224    10
   380   149     7   338   439     2    52   134     5
    13   328     8   130   316     9   177   494     2
   477   310     4   133   214     6    37   224     3
    57   370     2   244   433     8   485    64     5
    16   158     9   389     2     5   394   465     2
    53   486     4   285   106     6    77    49     6
   140    15     2   262   344     5   140   291     6
    82   446     9   368   209     8   235   134     8
   427   398     1   107    27     7    77   106     7
   408     4     6   180   217     5   489   495     2
   338   355     3   262   321     3    95   371     9
   473   192     6   149   368    10   351    83    10
    58   359    10   446   418     4   198   179     7
   457   176     8   332   394     9   129   280     1
   140   367     4   127   288     5   117   311     8
   498   105     7   268   107     2   455   286     6
   339   412     9    12   157     4   438   114     8
   242    83     9   340   402     2   437   262     7
   327   284    10   112   342    10   306    42     5
   231   274     3   101   412     6   330   419     3
   100   488     3   402    41     6   202   165     7
   314   272     6   261   401     8   467   199     8
   411   384     5   308   124     9   304   319     1
   431   485     1   117    15     9    79   355     8
   495   222     5   336   451    10   460   437     8
   423   231     1   133   351     1   465   257     8
    28    51     9   376   288     7   393   181    10
    11   284     1     5   423     1   347   292     6
   218   344     9    67    89     8    62   284    10
    82   399     5   259    21     8   172    44     6
   292   417     1   116   290     4   380   492     4
   173   311     6   241   182     7   433    68    10
    93   403     6     1    68     3   355   373     7
   251    68     8   167   197    10   410   412     4
   266   245     3   177   450     4   346   439    10
   298    35    10   344   462     1    26    42     9
    69   289    10    23   483     8   135   267     5
   346    47     5    62    38     3   270   224     9
    11   357     4   202   442     7   256   337     3
   199     8     4   251   225     4   293   467     9
   367   474     7   445   256     7   420   233     3
   452   484     6    28   305     1   334   178     1
   321   313     1   353   248     5    34   160    10
   145   391     6    78   422     1    44   328     8
   479   481     1   213   449     9   272   320     9
   199   474     5   284   162     2    44   419     8
    10   164     5   274   240     1   124   464     7
   199    79     4   155   251     9   493   412     2
   214   110     8     8   229     2   117   489     4
   140   384     9    68   268     7   261   409    10
   146   228     5   351   234     7   398   142     3
   471   439     5    40   364    10   344   107     3
   480   193     3    58   406     4   334   173     2
   455   295     9    21    15     3     8   369     2
    38     7     2   292   248     1   271   469     7
   363   399    10   424   287     4   459    70     5
   263   227    10   139   179     4   183   161     4
    16   471     1   165   260     2   113   476     5
   364   108     5   298   486     5   127   283     4
   221   455    10   414   219     8   195    35     4
   378   238     4   231   193    10   109    60     3
   237   205     1   264   258     9    76   410     2
   377   189     5   253    29    10   269   108     3
    65    84     5   358   494     2   429    15     3
    91   300     5   180    71     7   410   102     8
   289   122     1   144   371     2   432   289     8
   141   247     4   405   486     3   419   124     2
   460    20     4    48    15     3   328   303     3
   209   400    10    52    42     6   381   276    10
   144    81     8   251    96     6   377    79     7
   482   163     3   256   141     3   281   287     5
   225   380     5   281   263     4   155   271     4
   196   338     5    23   401     3   158    98    10
   381   375    10   259   477     4   500   278     5
   110   145     7   244   472     6    72    11     5
   384   212     7   127   478    10   493   500     2
   168   276     9    46   423    10   382   346     6
   338   455     6   232   277     7   475   146     9
    37    73     3   329   300    10   256   398     5
    53   262     9    32   433     6    12    15     3
   488   289     4   162   153     9   208   491     9
   360   281     7    96   372     3   130   101     6
   205   408     1   242   122     6   105    27     8
   168   289     2   135   175     3    10   334     8
   402   364     5   335    49     1    55   374     8
   279    52     2   264   282     5   483   349     4
   450   266     9   445   364     5    60   306     8
   290    48     9   376    40     1   106   165     4
   237   208     6   222   388     2   141   115     1
   492   202     1    81   222     3   367   194    10
    64   420    10   149   461     1   319   218     1
     3   128     6    98   465     8    66   371    10
   425   269     5   378   346     5   295    51     2
   445   117     9   441   459     6   346   497     3
   352   174     9   170   342     8   353   204     4
   419   255     8   140   162     2   228   450     2
    49   171     9   310     2     7   233   442     8
   161   261     2   346   163     3    41   419     8
   169   446     9   417    97     9   321   388     1
    14   392     6   162   335     5   474   395     4
   119   392     6    75   431     7   351    95     1
   483   484     7   154   170     2   165    22     3
   293   292     9   303   271     8   321   285     2
   146    13     4   262    31     8   364   472     7
   483   196     8    74   197    10   188   218     5
   210   187     6     2   251     8    88   210     8
   358   147     6   174   304     2    32     9     8
    33    67     4   412    75     7   454    66     5
   189   275     7   127    45     5   200   243     2
   251   300     4   157   406    10   398   360     2
   176   267     4   220   379     3   392   386     1
   285   377     4   452   262     3   335   331     2
   455   164     6   352   288     3   136   495     2
   150   467     8   417    86     3   230   291     9
   204   392     4    32   220     5   479    50     9
   166   494     2    62   371     5   211   290     4
    32   178     3   263   239     7   226   228     7
   371   217     8   318    74     8   232   396     1
   217   417     6   351   477     6   333   422     4
   204   265     6   274   198     3   144   355     2
    16   101     4   237   307     6    53   485     2
   345   120     2   458   380     5     5   435     3
   485   494     9   377   489     4    96   451    10
   208   186     9   365   340    10   237   200     3
   236   427     5   396   379     3   277   263     1
   266   224     8   423   255     1   225   373     1
   379    29     7   462    63     1   450   361     5
    88   274     7   378   197     7   419   186     3
   267   443    10   209    67    10   415    91     4
    12   499    10   223   429    10   193   141     2
   205   103     7   301   103     1   400   390     2
   315   489     4   248   122     1   336   418     1
   137    30     1   156   146     2   214    82     9
   411    53     1   336   471     9   174   146    10
    76   302     7   114   372     8   144   349     8
   282   274     4   491   485     6   411   361     9
   400    60     4   489   425     1   119    44     6
   470   262     1    50   252    10   190   186     6
   424    11     3   175   137     6   244   351     9
   335   390     5   276   157     9   254   426     6
   435   385     6   420   337     7    63   446     4
    48   226     7    85   288     2   382    37     2
   490   113     5   106    34     2   222   119     7
   332    67     3   458   392    10   366    30     8
   220   240     2   287    49     7   201   176     5
   124   291     5   167   416     5    40   166     2
   315    24     8     1   144     1   307   116     5
   450   347     4   358    86     2   449    56     2
   306   197     1   416   418     7    13   178     7
    33    82     7   100    89     4   241   349     1
   228    26     4   246   166     4   393    13     6
   274   490     4   203    94     6   414    76     6
   396   404     4    46   453     7   156   191     2
   115   201     9   497   130     4   403   196     8
    31    91     4    87   336     1   453   445     6
    29   227     5   140   202     4   183    73    10
    56   383     5   392   152     3   378    81     3
    90    15    10   281   261    10   484   140     9
     7   103     7   473   150     2   324   350     6
   316   428     3    22   247     9   121   277     4
   192   397     8   451   270     6    74    76     2
   327   162     1   117   402     3   495    64     5
    90   350     5   314   312     3   421    32     6
   134    66     3    25   241     6   419    65     2
    36   350     9   324    84     3   319   248     2
   431   228     6    70   468    10   144    51     2
   392   431     2   484   221     5   364   484     2
    60   428     8    45   301     1   337   431     7
    38   177     6   351   118     5   107   498     5
   213   153     3   180    86     9    78   283     1
   306   284     6   498   229     8   454   254     5
   167   385     6   474   273    10   426   461     1
   307   145    10   484   285     3   307   270    10
    49   371     2   196    85     7   490   408     5
   430   314     7   321   225     3   295   428    10
    46   251     7   297   216     2   494    19     2
   314   490    10   103   106     6   249    20     7
   342   231     1   198   332     6   143   137     5
   300   143     8   117   253     6   477   137     3
   350   451     3   328   297     4   476    71     5
   373   396     5   430   418     8   170   346     1
    21   107     6   189   442     6   369   401     2
   186   469     8    75   391     4   273   339     1
   154    89     4     8   127     7    15   480    10
    21   208     2   158   193     6   198   338     8
   458   195     1   100   304     9   110    37     5
     8    36     2   131   263     9    51   396     4
   382   314     8    42   320     8   353   100    10
   324   447     3   464   360     9   237    91     5
   153   403     3     8   175     4    47   447     4
   169    91     2   189   137     3   470   499    10
   345   356     5     7    52    10   279   269     9
   191   130     9   411   494     5   169   331     9
   186   334     2   374    12     8   450   381     6
    32   461     4   236   193     1   121   407     6
   359   418     2   353   288     8   247   151     4
   101    90     6   249    43     6   369   346     5
    26   321     4   119   442     8   337    50     9
    76   149     9   233    50    10   145   152     6
   308   271     2   299   289     7   325    22     8
    19   419     4   424   267     2   382   499     6
   369     6     3   166   466     6   218   236     6
   215   356     2    21    33    10    60   107     7
   106     6     8   407   488     8   267    63     5
    54    44     1   197   281     9   395   298     1
   362   223     4   148   354     8   412   439     6
   123   286     9   289   191     2   382   367     6
    14    44     8    52   384     3   258   419     7
   127   232     7   296    10     8   454   374     4
    82   451     7   361    69     7   406   488     5
    62   409     2   310   247     8   474   300    10
    98    12     4    40   322     7   168    58     6
   284   208     8   248   345     3    61   113     6
   125    39     7   164   139     9    87   322     1
   451   402     7   105   110     3   177   137    10
   362   400     8   452   213     9   236   449     2
    97   414     8    34   250     2   478    98     4
   235   240     4   372   168     5   459   202     4
   485   471     4    72    34     4   295   122     5
   186   464     2   155    96     7   165   467     9
   454   220     5   365   384     9   301   387     1
   336   313     2   100   378     6   380   370     3
   467   111     9   341   238     5    18   345     8
   433   494     9   306   151     7   240   440     4
   101   264     3   480   331     3    76   264     8
   206   170     6   472   498    10    68     2     1
   427   432     1   408   462    10   101   352     1
   259   456     3   439   167     8   337    21     9
   400   410     2   247   414     2   147   255     5
   223   245     4   145     9     4   483   394     4
   107   249    10   305   217     2    95   472     4
   198    76     1   446   341     3   464   240     6
    44   276     4   452   221     5    18   427     7
   403   264     7   355    63     4    68   468    10
   155   126     4    34   416    10   185   340     2
   389   106     4   344     7     9    16   162     9
   440    84     8   410   251     5   174   434     2
   124   388     1   453   357     9   453     6     9
   368   391     8   448   119     1    95   396     2
    23   388     1   342    96     6   181   498     9
   494   488     6    63   264     8   119    70     6
     8    90     5   213    67     6   292    84     2
   195    34     8   477   139     7    63   373     5
   294    28     5   212   447     1   130   418     1
   460   495     2   282   358     8    45   211    10
   435   387     7   278   237     3   445   478     5
    29   389    10   328   285     6   420   466     2
   366   407     1    80     4     8   473   455    10
   211   228     7    17   427     5   382   265     7
   235   302    10   389    71     8   374   471     7
   152   229     4   499   172    10   475   467     6
   343   371     2    88   480     9   319   460     9
   277   199     5
