            1
         1000        5000         250 602
      24     455     370     630     591     378     547     920      87     888
     820       1     906     164      70     252      63     107     263     407
     338     707     983      93     150     692     694     743     151     985
     835    1000     550     169     544     387     742     786      50     804
     436      80     468     878     140      27      59     669     833     698
     810     687     819     816     424     213     303     746     282     973
     862     108     403     259     792       2     668     366     865     925
     103     118     312     476     548     443     264     661      36     110
     352     109      84     440     901     914     332     120     988     502
     856     112     676     553     249     505     615     183     497     315
       7     390     870      68     260     592     956     620     931      34
     834     413     705     948     711     216     863     316     951     515
     927     513     798     217     127     283     947     168     431     364
     884     596     773     399     730     561     600      20     667     508
     139     379     768     762       9     236      42     941     134     313
     940      23     976     975     383     144     867     268     881     124
     396     152     201     755     736     719     340     875     483     984
     238     172     579     839     257     492     660     909      76     171
     902      88     269     889     703     622     812     757     519     737
     474     193     219     105      37     136     995     480     919     275
     503     536     982     657     459     998     310     291     957     526
     641     959     177     691     785      60     709     702     320     488
     992     558     855     437     111     708      10     486      33     612
     594      66     348     274     969     415     557     538     775     621
     666     794     245     460     688     991     347     974     767     738
       3       7       9       5       3       6       5       5       8       8
       6       7       8       8       3       1       9       1       7       8
       1       5       3       4       5       6       8       3       9       3
       6       5       9       3       7       7       1       5       3       2
       3       2       8       7       2       6       9       4       4       6
       3       2       6       9       7       7       1       6       8       6
       5       3       6       1       2       3       7       2       2       7
       4       7       7       9       6       7       4       7       9       7
       9       1       6       1       2       9       4       6       1       8
       4       6       5       1       7       4       6       8       5       1
       1       3       1       8       7       6       4       7       8       8
       9       6       3       4       1       3       3       8       4       1
       7       4       9       7       9       1       6       1       6       8
       7       9       1       4       8       9       5       6       2       9
       6       5       8       1       1       3       1       6       2       9
       1       2       1       9       3       8       5       4       9       4
       8       3       4       3       4       3       4       7       1       3
       2       4       7       5       1       2       9       6       1       2
       3       9       2       3       3       2       5       4       2       4
       6       5       9       5       8       1       2       4       9       1
       4       8       8       7       9       4       1       4       3       9
       6       7       3       7       7       2       7       7       6       1
       1       6       6       4       9       2       4       6       3       9
       2       6       3       4       5       9       5       7       2       7
       6       9       5       5       2       2       8       9       2       6
   775   626    10   378   775     1   784   378     9
   775   778     4   569   778     3   775   441     1
   196   626     1   378   225     4   778   173     6
   161   626     7   465   626     7   465   694     8
   243   775     3   378   429     1    52   225     9
   407   225     6   493   778     7   532   775     5
   752    52     5   752   806     5   569    74     1
    74    60     9   173    96     4   758   441     8
   418   196     6   264   418     9   378   651     4
   264   121     6   418   253     4   271   778     1
   708    52     9    60   670     6   558   670     5
   407    77     4   758   471     8   626    28     5
   405   465     7   264   733     9   471   136     8
   830   670     5   407   546     2   441   654     7
   733   258     4   381   806     2   437   418     1
   570   407     2   619   558     4    74   516     1
   488   243     1   509   488     1   654   755     7
   830   424     9   694    27     5   755   138     5
   420   619     9   300   253     4   656    28     5
   141   420     7   708   591     9   173   717     9
   439   196     2   199   420     3   518   708     8
   708   809     6   332   258     2   509   383    10
   209   332     2   546   502     4   621    96     5
   664   778     6   429   559     2   518   142    10
   276   775     9   334   138     8    74   960     3
    52    47     5   105   161     7   225    56     2
   210   121     4   683   138     7   518   450     5
    64   755     4   190   381     3   528    96     3
   346   210     2   900    60     7   562   378     5
   127   758     5   253   293     3   249   437     3
   909    47     5   717   295     9   416    28     3
   253   836     5   730   775     5   106   717     8
   192   619     4   326   138     6   569   223     8
   502   100     1     4   441     9   518   941    10
   525   332     3    74   320     6    47   821     3
   666    64     9   603   100     5   717   712     7
   807   493     9   775   679     2    96   754    10
   300    41     1   407    12     1   488   172     3
   928   381     9   648   141     9   493   617     7
   619    93     2   683   871     3   839   105    10
   136   833     4   407   749    10   806   133     8
   806   866     5   158   295     7   866   596     4
   509   921     3   283   758     1   681   199     3
   559   649     9   621   876     5    27   588     3
   441   826     9   219   276     8     5   320     8
    85   654     8   961   190     6   210    92     8
   255   249     6   172   244     6   227    60     1
   648   347     9   225   713     6   529   173     5
    92   972     8   161   557     6   558   945    10
   559   764    10   547   136    10   437   171     9
   775   168     3   225   368     9   887   596     2
   182   105     1   551   833     8   142   363     8
   839   462     1   674   518     1   712    37     7
   869   429     8   303   784     2   259   649    10
   717   828     9   826   349     5   909   248    10
   399   293    10   617   832     9   418   638     5
   126    77     3   536   603     6   708   672     9
   737   190     4   972   380     3   525   771     8
    37   514     9   400   283     6   928   633     6
   596   498     5   957   648     8    82   192     3
   632   347     2   830   891     5   426   249     7
   439    73     6   188   141     8   693    77     6
   627   754     1   513   498     7   771   676     5
   568   551     4   228   569     1    56   886     1
   548   332     2   380   838     3   526   209    10
   272   713     1   900   882     6   281   676     5
   649   798     5   886   567     3    91   694     1
    92   131     4    52   939     4   608   172     2
    28   129     7   895   127     8   632   342     2
   518   949     4   504   559     2   470   437     4
   244   686     4   855   450     5   771    95     7
   570   507     9   650    52     3    22   405     9
   158   522     4   701   559    10   234   407     5
   437   310     9   626   104    10   106   616     2
   513   714     9   475   664     3   821   635     3
   383   848     5    11   334     7   346   865     6
   255   785     2   347   436     9   932   809     2
    96   206     1   209   982     9   899   638     8
    60   951     2   855   579     5   147   651     7
   864   248     1   441   419     3   808    73     2
   528   933     2   436   930     3   263   771     8
   846   972     2   921   130    10   688   100     8
   852    60     5   384    22     3   830   699     7
   668   676     1   839   435     3   621   200     7
   195    11     7   596   154     5   441   819     4
   811   416    10   968   293     9   253   447     9
   701   611     2   797   419     4   756   961     7
   369   968     8   298   514    10   650   709     3
   970   493     1   332   810     6   576   557     8
   650   212     8   259   337     5    91   201     5
   965    12    10   141   872     3   534   693    10
   966   617     3   212   901     7   521   569     2
   671   337     8   613   778     6   676   236     6
   977   488     1   761   855     9   793   930     8
   246   381     7   192   452     5   668   202     7
   105    13     6   808   849     2   332   132     9
   631   681     3   551   357    10   922   131    10
   521   786     9   783   865     4    98   838     2
   668   350     3   797   103     6    67   129     8
   984   334     8   288   452     9   817   876     2
   165   418     9   951   919     3   332   395     2
   127   430     7   618   838    10   361   737     4
   350   902     2   327   447     3   190   996     2
   589   126     1   314   848     7   570   277     7
   429    70     7   253   829     6   919   329     6
   416   149     5   670   660    10   700   557     7
   340   826     9   466   219    10   845   681     6
   676   572     4   607   384     2   855   313     1
   439   813     7   931   708     5   603   531     9
   556   514     8     9   106    10   521   517     1
   150   807     1   490   368     3   334   294     1
   569   774     7   189   400     8   126    25     5
    42   688    10   462   431     7   276   309     2
   509   153     5   941   987    10   209   604     1
   973   378    10   623   755     4   855   802     1
   883    25     8   558   145     7   809   684     4
   447   969     4   937   106     6   793   394    10
   931   256     7   101   234     7   792   871    10
   419    83     3   715   100     6   129   981     7
   758   667    10   236   867     6    69   756     4
   406    56     8   285   347     9   359   131    10
    37   245     3   351   514    10   394   880     3
   504   511     4   366   708     8   165   403     8
   123   127     9   865   926     5   536   675     5
   426     1    10   882   942     2   920   966    10
   285   324     6   141   893     8   683   330    10
    42   111     5   137   407     2   785   582     2
   465   273     2   505   346     7   276    89     7
   704   189     1   378   360     1   854    67     2
   558    79    10   748   960     4    28   125     8
   394   735    10   897   869     9   202   186    10
   988    25     7    93   316     8   209   967     1
    43   192     2   143   704     1   558    76     3
    13   220    10   985   882     8   413   125    10
   828   345     3    94   784     1   921   721     1
   800   700     6   794   488     4   369   923     2
   533   792     9   968    46    10   252   886     7
   676   601     7   186   449     3   616   484     5
   196   875     6   173    68     7   257   150     3
   582   738     6   383   432     1   632   250    10
   580   243     1   240   430     9   197   826     7
   411   172     6   764   639     7     2   839     1
   612   923     7   352   525     2   347   177     6
    62   381     7   336   619     6   521   768     3
   506   623     8   310   825     4   833   978     2
   918   778     7   959    96     7   754   425     3
   171   453     5   509   731     3   754   473     5
   467   277     8   227    20     4   533   962     3
   487   320     1   353   755     6   684   658     5
    86   784    10   857   228     7   511   396     2
   834   933     8   116   453    10   466   410     7
   613   728     7   461     2     5   930   478     3
    15   817     7   727   137     3   817   214    10
   914   248     4   627   689     3    40    13     7
    68   953     2   574   132     8   999   756     9
   744   161     4   292   378     6   945   799     5
   734   639     8   975    40     1   557   451     9
   855   553     7   183    52     2   987   944     1
   357   114    10   383   205     6   641   733     2
   365   136     2   164   206     1   152   580     9
   353   397     5   241   944     8   162   256     6
   314   537     5   750   292     5   903   419     5
   868   846    10   718   918     9   901   289     8
   987   454     8   976   721     8   463   688     8
   479   506     1   961   925    10   917   839     2
   638   896     2   470   725     7   491   639     4
   770   200    10   762    93     1   972   958     9
   815   133    10   500   922     1   214   860     6
   897    19    10   677   617     9   737   233     7
   742   607     2   252   575     6   141   372     7
     6   575     1   679   599     3   919   763     8
   320   229     1   674   144     3   166   162     3
   467   881     7   502   594     1   383   423     5
   913    64     5   974   599     5   967   409     8
   575   134     7   438   576     3    49   969     1
     8   945     2   492   876     4   955   467     4
   934   960     1   135   201     6    47   501     2
    26   792     7   862   399     9   777   633     5
   451   669     4   540   450     3   560   188     2
   149    44     6   547   191     2   493   483     5
   824   734     5   857   573    10   705   771     1
   380  1000     6   877   449     2   466   814     4
   333   918     7   666   779     3   213   363     5
   794   434     2   550   492    10    38   654    10
   975    61     7   484   341     1   943   570     7
   958   885     1    48   100     5   561   626    10
   479   898     4   278   479     6   718   459     3
   379   802     4    25   586     2   357   602     5
   927   887     8   230   793     2   541   834     4
   527   623     8   184   500    10   370   779     8
   896   377     6   595    95     6   765   808     7
   694     3     9   309   235     3   853   693     4
   256   831     6   363   301     1   339    48     8
   358   612     7   820   654     7   904   758     4
   712   905     6   342    75     6    31   901     3
   601   870     6   261   233     8    39   437     7
   756   890     8   572   321     5   946   154     1
    42   254     5   176   572     1   282   449     6
   296   656     3   929   413     4   525   707     4
   535   250     1   929   291    10   994   509    10
   107   475     6   370    30     4   343   765     6
   943   910     2   580   297     1   332   690     6
   545   574     7   508   886     9     9   389     2
   710   522     7   318   358     8    90    31    10
   270   575     9   513   375     7   563   714     7
   480   278    10   445   405     5   681   307     9
   759   607     9   390   467     1   826    80     7
   244   304     1   338   506    10   666   247     7
   716   970     9   341   673     8   782   966     9
   491   417     2   736   937     6    33   749     5
   947   214    10   706   357     1   499   962     3
  1000   362     5   452   624     9   720   675     4
    84   882     5   414   965     2   756    10    10
   135   571     4   883   371     6   894   832     3
   246   476     2   318   331     6   177   593     5
   817   840    10   555   365     3    18   338     6
   266    25    10   128   473     9    41   564     9
   191   711     7   395   610     3   780   501     1
   848   889     5   583   778     4   546   788     9
   969   274    10   616   319     5   971   607     4
   916    77     5   231   800     2   863   624     1
   851    46    10   222   256     2   745   857     6
   992   531     5   850   689     5   194   506     5
   594   474     9   115   369    10    95   625     4
   251   603     4    78   223     7   458   553     1
   770   682     4   164   393     6   890   661    10
   864   741     5   656   590     4    40   592     4
   502   743     1   822   721    10   581   270     5
    23   436     1   284    62     9   375   980     1
   226   970    10    50   210     4    16   461    10
   996   178     8   195   503     3   324   760     5
   935   480     1   924    56    10   544   541     1
   749   260    10   299   233     1    29   225     5
   150   678     4   106   455     8   198    94     7
   583   647     8   897   952     2   919    14    10
   352   702     2   979   186     1   147   634     8
   536   374     4   935   629     5   612   543     6
   182    35     3   433   451    10   328   592     6
   841    39     4   209   662     3   908   775     8
   692   908     4     7   865     7   246    24     3
   422  1000     3   371   373     6   376   671     2
   613   204     5   495   330     8    49   906     2
   842   319     4    88   850    10   485   682    10
   225   644     5   847   165     8    67   216     3
   643   511     9    13   322     7    78   723     9
    88   827     7    18   367     4   861   596     3
   506   335    10    38   481     5   175   820     2
    34   471     3   524   522     7   993   978     7
   991   291     9   997   621     5   315   168     3
   642   674     7   474    81     7   653   491     2
   844   186     3   772   258     6   622    30     1
   402    68     2   635   630     6    54   535     9
    63   809     8   773   958     1   135   843    10
   416   818     5    71   608     6    86   312     2
    34   444     1   364    42     6   554   619     4
   911   581     4   530    69     3   411   791    10
   235   549     8   288   950     5   719   707     9
   677    65     2   404   137     3   488   122     5
   323   142     4   779   305     9   730   464     6
   477   744     4   812    79     6   382   857     4
   257   385    10   918   835     2   176   148     7
   415   975     5   250    55     7   101   805     8
   858   200     6   878   214     4   578   601     9
   760   185     6   510   878     8   991   139     4
   238   165     3    94   472     1   561   159     8
   645   508     3   941   355     8   947   427     8
     6   856     1   311   544     8   655   162     4
    26   113     8   537   637     9   826   448     9
    66   431     1   519   919     3   566   684     5
   673   609     9   460   236     7   157   858     4
   268   291     4   579   408     6   983   186     5
    87   681     8   738   663     2   606   403     5
   330   443     8   170   819     7   299   108     7
   942   193     6   225   421     6   936   400     4
   139   685     2   398   950     8   801   806     3
   722   111     1   171    32     8   547   179     6
   882   221     7    36   488     8   925   207     1
   781   204     8    61   117     9   936   124     6
   497    19     7   181   234     7    97   836     8
   218    56     9   151   431     9   873   733     6
   392   639     1   471   239     9   602   776     7
    40   620     8    45   854     5   855   912     7
   948    94     8   207   163     7   927   552     1
   937   597     1   433   180     7   391   394     9
   697   166     1   698   553     9   732   142     1
   439   539     8   686   956     6   169   829     6
   585   864    10   981   110     2   757    18     3
   740   476     8    99    44     7   648    58     7
    89   652     7   766    68    10   528   884     8
   348    20     9    72   774     4   302   647     1
   954   320     1   306   206     2   837   624     5
   265   950     4   980   665     7   262   491     5
   457   399     7   696   182     9   118   245     8
   382   279     5   980   804    10   386   465     3
   485   998     4   317   425     7   882   874     6
   435   600     9   781   232     8   388   443     4
   963   331     8   658   486     5    92   520     6
   614   322     3   129   401     5   267   513     8
   992   753    10   977   964     5   433   456     9
   350   344    10   657   247     8   222   523     4
   485   767     2   755   907     9   628   567     5
   397   598     3   210   640     4   885   280     8
   687   595     8   290   842     8   412   254    10
    24   795     4   549   496     1   140   433    10
   630   888     1   387   677     9   129   109     8
   155   309     7    59   842    10   538   966     2
    34   119     9   626   646     7     9   695     1
    21   669     7   726    32     5   685   167     9
   940   951     5   344   659     3   986   586     5
   146   722     1   308   598     2   286   872     3
   905    51     7   446   425     9   740   354     7
   892   134     3   372   224    10   438   816     8
   242   127     5   739   686     6   944   515     1
   208   819     4    16   468     1   990   740     4
   882   203     7   591   269     9   703   446     2
   325   777     8   264   989     7   577   797     1
   153   442     5   174   500     6   237   269     2
   587   430     7    57   109     8    17   273     7
   747   602     3   257   605     1   865   823     3
   440   295     4   200   565     2   615   860    10
   769   573     4   729   507     7   391   790     4
   623   287     5   217   957     9   363   746     7
   803    34    10   156   689     2   777   494     5
   808   489     9   879   184     2   521   542    10
    78   724     8   605   187     2   684   691     1
   834   356     6   186   482     6   915   650     1
   590   512     7   461   120     6   787   772     1
   793   636     2   680   554     1   497   584     9
   275   693    10   454   215     4   751   148     2
   348   995     2   215   796     1   636    53     4
   859   612     6   469   854     7   102    23     8
   211   533     2   797   428     6   112   233    10
   789   382     3   160   630     1   343   938    10
   934   564     7   742   167     2   959   836     7
   920   820     6   397   438     9   747   706     9
   965   117     9   430   447     7   805    10     1
    85   987     2   221   503    10   809    85     2
   293   313     4   506   728    10   639   419     1
   956   299     2    67   729     1   359   560     5
   567   419     7   894   719     1    79   974     8
   711   484     4   828   355     1   803   621     6
   212   913     9     7   665     3   326   817     6
   998   344     7   301   941     3   741   197     8
   458   527     8   218   684     2   694   426     7
   851   165     6   213   585     3   258   270     7
   863   721     5   721   284     2   708   494    10
   477   934     9   501   731     9   845   501     7
   696   215     4   922   893     1   864   919    10
   703   737     6   463   897     9   817   856     5
   858   866     3   917   474     2   355   553     1
   504   553    10   752   661     6   304   780     6
   232   185     7   276   619     9   663   944     8
   281   830    10   403   469    10    78   936     3
   484   660     6   823   751     1   444   169     3
    62   452     4   938   544     8   833    26     3
   880   207     2   327   104    10   613   986     6
   436   580     1   516   647     9   659   781     4
   410   881     7    92   590     2   502   523     9
   298   414     2   618   914    10   232   804     2
   560   927     9    70   396     1   261   775     8
   663   578     1   763   595     9   868   872     4
   285   176     2   657   755     5   295   334     2
   434   238     7   162   231     8   291   910     1
   569   278     2   555   862     2   598   557     6
   351   364     6   503   654    10   723   901     5
   900   813     8   314   743     9   585   431     1
   591   756    10   320   942     4   434   981     8
   275   922    10   282   517     3   218    32     2
   710   531     9   407   854     7    52   535     3
   345   780     7   945   657     9   330   124    10
   712   427     4   922   608     7   881    72     6
   779   794     2   366   362     5   913   379     5
   460   549    10   859    81     3   904   884     9
   897   722     2   977   566     4   318    29     4
   683   956     8   879   526    10   841   402     5
   614   165     4   999     5     9   346   298     4
   750   623     7   518   225     2   324   626     5
   513   640    10   592   517    10   386   482     6
   632   301     2   387   838     7   848   125     5
   322   545     4   945    23     6   663   989     3
   521   187     4   551   766     5    28   304     6
    90   507     8   895    16     3   116   430     3
    85   928     6   637   467    10   148   253     9
    11   483     3   327   205     7    97   929     6
   846   309     4   721    10     7   363   802     4
   771     9     6   788   264    10   658   469     2
    15   840     9   160   521     5   842     4     6
   850   795     8   918   368     8   408   913     8
   238   665     4   386   968     8   381   996     3
   253   271     7   144   104     1   393    75     3
   531   170     7   913   200     9   702   507     4
   717     2     7   635   713     2   347   432     2
   723   557     9    78   906     8   419   801     4
   317   569     6   867   344     4   269   767     3
   678   116     5   515   958     2   677   673     4
   208   598     1   824   434     3   332   613    10
     5   326     7   581   109     5   441   264     1
   709   322     9   916   497     8   556   288     2
   283   321     7   749   639    10   475   922     9
   202   124     5   311   635     8   387   946    10
   397   572     3   968   507     3   876    65     3
   570   798     3   223   274     5   516   524    10
   354    46     7    93   561     7   675   678     9
   829   556     4   751   790    10   765   177     5
   651   886    10   409   673     1   907   201     5
   168   626     4   666   405     2   236    48     2
   889   696     6   152    60     6   656   142     3
   687    49     1   523   488     6   961   305     3
   249   742     3   615   192     8   309    82    10
   669   830    10   703   130     8    44   357     9
   376   275     5   224   519     3   697   437     7
   471   133     2   862   518     9   166   756     7
   455   276     2   449   684     3   917   664     8
   803   269     3   908   459     5    36   144     9
   211   674     5   871   401     3   795   497     2
   931   754     5   912   519     2   346   643     8
    36   666     9   849   490     5   812   221     8
   787   462    10   997   915     2    79   769     8
   950   533     4   375   853     2   350   671     1
   613   448     4   418   217     9   564   561     5
   352   585     4   944   268     6    85   242     1
   951   164     9     8   886     2   153   313     2
    67   613    10   735   822     5   745   285     3
   586    74     5   489    57    10    54   695     5
   935   853     5   914    82     8   512   738    10
   730    56     3   439    83     1   162   621     7
   835   790     6   895   879     1    95   250     2
   137   121     3   703    66     3   706   927     8
   818   237     9   240   819     4   551   583     8
   556   734     5   194   301     8   725   255     4
   187   111     2   985   709     4   811   897     7
   933   123     6   215   766     7   671   128     6
   201   849     6   744   527     9   220   917     3
   768    38     8   457   180     6   469   546     9
    35   882     3   302   869     8    82   980    10
   662   330     5   866   438     1   793   571     6
   346   335     6     6   146    10   693   980     6
   748   710     2   743   819     9   574   613     8
   515   984     8   758   489     1   592    86     6
   749   820     9   813   226     6   675   269     6
   407    27     1    95   586    10    52   968     5
   544   535     5   559   621     7   854   284     8
   856     9     4   822   366     9   542   501     7
   989   628    10   241   315     8   686   589     7
   726   326     2   148   697    10   498   909     8
   447   436     3   907   937     2   282    22     4
   973   222     2    32   736     2   892   993     3
   334   623     7   333   270     7   741   439     4
   442   155     8   251   706     9   628   331     6
   154   369     9   321    99     7   144   920     5
   234   586     3   652    90     8   412   447     8
   605   406     2    93   936     7   834    89    10
   507   657     2   827   595     1   775   482     3
   871   250     5   635   763    10    76   295     3
   849   491     2   829   975     8   904   230     2
   368   798     2   819   839     1   141   947     3
   562   123     6   795   776     9    97   481     4
   117   263     7   253   873     3     5   869     1
   713   420     2   677   800     1   629   421     8
     3    23     2   997   622     1   959   564     2
    89   100     2   921   706     4   502   343     5
   115   477     3   515   687     4    36   587     8
   890   391     6   371   441     7   539   409     6
   344   711     6   121   850     2   266   360    10
   814   833     6   959   688     5   761    56     5
   962   512     2   716   456     7   883   185     1
   776    31     4   879   726     4   114    73     1
   846   719    10   214   645     8   613   188     2
   798   667     8   546   294    10   520   522     3
   673   531     9   590   446     8   421    75     2
   882   719     1   106   764     1   319   903     6
   679   566    10   498   652     5   105   260     1
   957   252     7   614   536     3   461   343     6
   542   745     1   252   713     8     5   391     9
   444   135     1   657   352     3   992   715     2
   562   314     9   455   303     5   288   167     7
   116   802     1   925    96     3   658   103     2
   844   328     6   454   697     3   415   576     2
    97    64     7   500   782     5   912   360     2
   141   940     8    36   372     8    24   840     8
   473   818     2   669   709    10   596   186     8
   375   511     5   504   765     2   940   199     6
   315    17    10   391   846    10   517   830     3
  1000   463     6   125   185    10   534   797    10
   739   670     1   300   460     4   905   556    10
   784   852     9    90   806     6   618   445    10
   715   876     9   755   421     8   963    55     8
   436   422     6   561    82     4   769   755     7
   274   938     4   145    66     9   177   308     7
   259   791     2   309   635     8   855   196     8
   117   345     7   220   285     8   349   359     3
   175   331     2   196   201     1   767   803     9
   410   824     1   605    74     7   628   128     5
   971   975     4   681   819     4   458   314     6
   393   279     6   420   299     7   399   280     7
   234   197     3   742   191     2   351   814     1
   606   904     6   519   331     3   224   907     8
   197   103     7   160   849     8   559    94     2
    93    37    10    69   137     7   713   775     3
   354   636     2    96   875     1   679   953     6
   567    92     3   172   227     4   788   259     7
   703   541     3   966   370     5   710   994     7
   113   803     2   308   733     3   784    81    10
   600   490     5   941   898     4   878   440     7
   797    34     6   542   576     4   597   334     5
   731   986     1   702   782     6   118    19     5
   735    25     8   248   335    10   602   765     9
   342   360    10   871   150     6   388    22     3
   198   109     7   436   742     6   640   676     7
   532   935     9   965   584     9   385   606     7
   718   814    10   209   774     4   136   582    10
   853   749     6   168   292     4    92    16     8
   547   945     1   274   919     2   533   532     6
    69   120     8   908   555     2   909   892     4
   975   992     3   922   183     2   692   708     4
   781    88     7   393   157     6   626   496     3
   770   105     7   185   920    10    84   275     7
   435   702     4   634   857     1   568    62     6
    89   111     8   210   430     3   381   898     1
   631    31     8   721   170     4    45   128     6
   623   989     8   203   336     7   636   353     8
   629   988     8   666   772     7   616   878     6
   447   389     3   308   660     2   300   508     3
   787   489     3   843   152     8    87   162     6
   478   250     7   911   883     1   230   680     1
   264     6     3   382   564     1   531   726     1
   246   102     4   823   880     2   566   820     5
   878   135     2   576   388     2   611   975     5
   958   932     5   785    22     8    31   715     1
   674   563     1   911   612    10   373   184     7
     8   123     5   499   112     9   681   369     6
   334   826     2   538   854     6   441    75     4
   780   922     9   228   739     2   936   478     3
   957   382     7   640   415     8   129   275     1
   511   395    10   761   419     8   682   104    10
   641   572     9   368   898     9   361   268     3
   918   165     2   226   472     2   461   722     7
   116   666     2   905   414     9   385   852     3
   920    76     9   853   569     4   412   300     7
   759   376     1    52   698     5   339   441     7
   130   506     7   533   235     7   658   247     9
   553   478     1     2   943     8   799   405     7
    73    24     4   685   818     2   781     1     8
   447   191     9    19   716     3   545   627     4
     9   812     1   424   300     1   120   508     9
   376   738    10    79   934     2   336   168    10
   901   418     9   726   932     6   732   784    10
   396    43     4   944   665     5   320   413     1
   436   574     7     8   165     5   358   258     7
   275   663     7    57   382     8   714   454     3
   396   149     6   387    94     4   676   335     2
   382   701     4   194    62     1   800   342     1
   501    54     1   219   528     9   788   551     7
   624   516     4   475   662     8    62   218     5
   419   740     9   739   596     3   450   302     6
   404   814     8    32   688     1   805   880     7
    65   465     5   462    61     9   923   366     8
   149   878     1   419   147     4   393   376     4
   729    50     4   614   443     1   375   320     5
   384   188     6   217   615     5   548   768     1
    41   149     6   951   700     3   103   146     1
   746   921     5   510   357     5   401   344     5
    39   619     6   555   939     4    15   914     7
   398   361     9   937   679     7   435   651     2
   783   627     6   938   754     1   284    85     6
   304   997     8   388   974     7   391   362     3
   629   793     2   146   802     8   484   677     5
   673   246     3   913   346     3   976   992     6
   303   957     1   849   748     9    16    85     3
   610   936     4   152   212     8   662   270     4
   399    76     3   221   788     6   772   104     9
   621   443     5   778   637     7   913   821    10
   312   885     1   552   392     9   703   496     6
   886   328     4    13   487     3    37   201     1
    76   998     6  1000   631     4   482   657     4
   310   628     3   955   147    10   158   434     1
   552   713     9    87   160     7   457   902     6
   740   546    10   710   602     6    79   381     3
   690   714     5    91   937     9   582   383     2
   755   684     6   147   408     9   630   249     3
   978   666     5   103   741     8   885   860     3
   449   719     9   921   292     7   873    11     2
   495   232     4   215   915     2   526   565     6
    94   593     2    37   680     7   917   712     2
   467   103     8   916   689    10   653   499     1
   600   469    10   188   971     2   121   108     2
    79   916    10   993   178     2   544   229     9
   249   613     5   999   872     9   890    42     6
   798   623     9   268   421     6   310   650     2
   234   371     1   119   491     2   890   766     9
    82   524    10    57   410     5   990   133     8
   200   461    10   351   455     8   344   549     2
   205   545     2   955   393     4   329   819     4
   889   135     8   110   854     1   655   992     6
   595   121    10   890   947     3    44   271     2
   856   939     3   122   773     2   832   296     4
   250   800     9   688    54     5   797   598     3
    19   676     6   162   779     4   143   444    10
    97   594    10   138   645     9   927   994     7
   502   111     8   373   329    10   697   576     3
   613   970     5   377     4     5    14    94     5
   411   314     4   361   748     9   620     4     9
   858   424     7    26   819     9   729   372    10
   895   969     4   436   876     7    26   272    10
   836   264     6   536   328     7   857   998     5
   756   778     5   267   197     8   725   861    10
   840   321     4   256    61     8   818   548     7
   532   510     3    69   221     9    82   876     4
   314   645     2   520   939     9   822   702    10
   466   322    10   314   290     7   977    37     5
   761   944     3   869   847     1   445   791     2
    89   857     5   680   162     8   322   161    10
   348   191     4   252   215     4   566   292     3
   641   278     5   338   711     6   972    74     8
   953   821     3   779   653     7   531   166     5
   307   278     3   523   155     7   982   285     4
   444    60     6   460   438     3   362   935     7
   425   604     6   319   901     1   934   807     2
   997   281     5   446   853     2   273   909     5
   561   832     4   146   840     1   806   115     4
   913   454    10   973   135     4   480   474     1
   644   609     8   489   414     8   647   780     1
   901   279     2   478   638     9   631   888     9
   964   816     1   158   427     9   844   724     9
   234   775     1   859   617     4   832   791     1
   765   847    10   163   378     8   164   166     6
   808   764     8   262   116     1   967   929     1
   802   119     1   689   981     8   610    44     8
   290   799     3   390   560     2   697   127    10
   156   331    10   594   573     7   699   402     6
   713   757     7   386   733     5   434   482     1
   797   351     8    66   467     7   893   176     4
   779   346     2   850   471     5   525    73     9
   183   607     7   860   657     3   505   190     6
   199   197     8   351   646     7    60   391    10
   133   968     1   188   210     7   820   363    10
   369    29     3   863   975     3   157   421     9
   364   640     2   760    19     5   215   447    10
   565   316     8   727   643     2    19    23     8
   232   789     9   993   229     3   294   664     1
   674   824     9   273   978     6   591   693     8
   844   809    10   712   382     4   257   931     6
   558   846     3   470   935     4   119   343     8
   233   872     4   258   239     1   796   371     8
   393   175     4   948   481    10     1   429     8
   834   245     8   185   265     4   874    63     9
   847   489     6   883   571    10   178   660     2
   255   870     5   621   386     1    20   423     6
   863   153     3   639   904    10   359   849     3
   780   993    10   891    50     6   387   493     5
   954   328     3  1000   393     6   254   806     7
   570   149     6   110   915     2   359   984     7
   297   911     6   760   673     8   794    91     1
   495   612     3   138   633     2   522   361     9
    90   170     3   673   283     3   740   720     5
   267   141     6   321   761     8   567    33     5
   934   774     2   649   215     9   968   887     9
   883   454     2   944    87     9   462   677     8
   576   227    10    89   783     9   465   238     5
   139   957     4   525   741     4   815   536     5
   422   175     6   276   674     9   249   490     7
   260   386     8   886   919     1   254   678     7
   782   390     3   804   818     8   229    72     4
    64   130     8    42   827    10   889   620     1
   801   146     3   977   151     1   289   224     8
   636   680     8   711   167     1    58   938     2
   879   884     3   855     5     3   780   261     4
   898   630    10   753   501     3   644   182     4
   484    34     1   695   310     5   764   839     5
   975   425     4   393   759    10   448   312     6
   632   247     2   395   410     6    19   890     7
   852   820     7   332    32     8   459   552     8
   340   623     5   195   110     6   286   596     3
   906   537     4    26   376     1   666   767     9
   953   794     1   184   480     7   375   767    10
   625   900     5   974   640    10   955   138     1
   260   257     1   398   409     5   712   673     1
   213   401     5   477   854     3   691   620     4
   223   398     3   810   517     2   411   529    10
   710   153     7   660   863     2   323   155     7
    54   287     1   387   370    10   983   194     7
   587   622     8   420   539     4   784   841     3
   457   359     6   701   137     5   975   766     2
   679    97     6   542   480     6   428   593     4
   875   877     1   828    66     5   846   207     9
   591   320     7   848   600     1   383   508     7
   273    85    10   840    66     7    45   135     3
   845   772     8   349   209     2   320    33     8
   164   797     8   899   525     9    79   894     2
   781    50     9   432   911     4   903   174     5
   848   968     7   980   826    10   795   192     9
    85   803     2   144   468     6   885   855     3
   728   777     5   983   524     7   240   887     6
   996    59     5   354    13     5   337   864     6
   712   364     1   173    24    10   262   248     6
   808   321     6   203   345     5   461   796     3
   368    76     2   816    47     9   545   456     7
   577   677     2   656   586     3   474   817     7
    20   736     2   655   399     3   239   735     4
   582   644    10   694   666     3   465   315     6
   535    87     4   969   673     7   376   160     4
   215   909     3    40   719     9   596    14    10
   716   141     8   395   901     1   196    35    10
   187   745     6   361   575     1   375    40     3
   926   522     7   152   180     2   648   151    10
   886   373    10   146   369     1   998   196     6
   749   303     1   730   711     2   325   337     5
   583   206     7   788   451    10   468   680     9
   241   710     1   522   481     3   588   383     2
   148   169    10   368   700     1   209   876     9
   343   254     4   900   389     9   761   791     6
   396   339     8   563    51     5   283   622    10
   491   549     4   653   578     7   709   277     3
   314    41     4    72   861     8   581   142     7
   649   584     3    12   774     4   176   934     9
    21   343     7   534   891    10     7   278     3
   380   328     1   127   779    10   221   814     9
   198   773     8   564   408     9   819   592     3
   710   996     8   684   155     6   630   641     4
   308   701     7   139   795     3   291   838     4
   954   912     6   108   460     6    19   995     2
   206   141     7   720   362     3   701   848     3
   193   441     9   612   161     6   191   976     5
    45   428     9   445   157     9   231   928     9
    12   404     8   998   879     7   893   384     3
   539   702     7   522   155     2   795   513     3
   981   603     8   590   549     8   463   551     5
   747   461     5   732   858    10   374    85     1
   684   827     5   733   446     4   277   345     3
   888   145     6   763   691     4   704   324     8
   870   132     5   315    53    10   865   826     6
   940   989    10   580     4     5   474   344     3
   484   587     3   123   382     6   600   805     2
   741   800     2   579   890     7   140   967    10
   155   245     9   843   353     2   840    47     5
    45    22     3   719   949    10   883   633     5
   166   613     7   593   733     5   586   445     7
   373   108    10   679   560     7   611     8     5
   749   486     4   756    35    10   539   994     5
   358   540    10   203    10     7   373   741     8
   974   948     1   273   859    10   611   411     7
   646    25     4    37   471     3   788    42     1
   325   719     9  1000   228     9   966   329    10
   568    99     1   555   405     5   551   624     6
   158   257     9   269   640     9   911   170     7
   898   369     9   477   939     4   114   377     5
   592   877     9   944   249     7   885   212     9
   118   504     3   144   981     2   945   122     7
   987    49     3   263   976     6    26   786     4
   669   846     6   357   102     8   855   853     7
   645   554     8   245   163     6   355   849     3
   782   427     2   235   161     8   352   108     7
   328   345     2   702   686     7   407   116     1
   829   531     9   138    24     4   658   685     8
   295   949     6   249   352     8   179   849    10
   817   763     4   378   783     6    24   391     6
   894   319     4   366   609    10   327   580     1
   679   732     9   483   886     2   907    99     3
   223   499     3   684   473     4   997   274    10
   653   564     7   879   518    10   284   619     3
   174   499     2   190   420     6    68   322    10
   887   389     5   910   456     5   382   570     6
   412   193     6   537   120     1   476   207     7
   155   964     4   499   698     3   574   501    10
   940   116     4   320   482     8   310   223     4
   863   531     1   662   388     5   453   828     4
   783   427     3   688   132     3   211   918     7
   175   283     3   837   479     7   846   922     8
   190   522     6   234   528     8   605   226     6
   488   670     4   927   238     9   762   902     1
    63   256     5   231   135     3   955   403     5
   404   516     4   483   101     7    38   438     7
   941   515     9   865   791     8    38   752     1
   750   106     4   135   423     6   510   119     8
   634   172     9   235   236     1   242   193     7
   196    85     1   328   999     6   298   777     9
   515   245     1   342   666    10   190   204     7
   330    28    10   174    76     9   759   261     6
   544   572     1   568   734     3   182   412     4
   849   566     1   511   721     1   499   544     8
    21   214     2    27    11     1   594   620     5
   989   314     1   152   895     3   596   647     5
   716   466     4   855   355     6    83   937     7
   520   424     4   125   160     1   643    43     2
   728    85     1   745   297     1   655   855     5
   174   552     9   395   243     9   672   602     7
   986    68    10   828   119     1   311   418     4
   399   767    10   178   180     4   648   189     5
    15   474    10   346   471     5   552   844     5
    10    39     9   884   590     3   198   454     6
   892   482    10   143   457     1    75    55     4
   903   820     4   310   965     4   150   560     3
   549   241     1   131    79     2   489   337    10
   725   885     6   794    49     4   421   498     5
   421   535     1   740   803     7   256    13     5
   829   349     4   322   261    10   620   851     1
   208   373     6   486   219     6   762   928     9
   317   686     3   266    57    10   947    68     5
    28   962     6   323   312     3   584   761    10
   917   561     2   491   266    10   887   716     5
   899   334     6   771   582     3   851   403     6
   208   896     2   330   864     5   853   530    10
   263   822     5   347   794     9   775   486     3
   803    41     2   705   432     4   810   367     8
   644   414     7   801   434     3   986   798     3
   893   804     2    19   575     7   833   169     4
    84   687     3   816   936     9   253   910     8
   609   855     1   345   474     8   335   601     3
   787   635     7   893    63     2   607   528     4
   888    57     5   294    62     3   712   134     1
   326   308     8   370   408    10    13   809     6
   470   987     1   275   989     7   559    21    10
   696    36     2   608    52    10   582   348     5
    60   708     8   392   700    10   522   246     1
   441   989     2   738    80     2   429   543     1
   190   310     3   724   190     6   132   373     8
   408   646     4    55   871    10    62   559     4
   804   789     4   508   896     4   386   886     4
   473   712     2   168    76     7   604   755     2
   420   243     4   967   339     8   742   869    10
   904   389     5   498   550     3   114   961     3
   376   979     5   289   849     4   992   697     3
   659   338     2   490   160     9   299   701     7
   698   523     8   778   798     6   323   203     7
   567   853     4   516   749     6   637   750     7
   431    48     4   117   493     9   323   711     2
   864   309     9   900   798     6   789   717     4
   160   778     8   229   554     4   854   294     1
   312   977     4   944   950     8   215   484     3
   714   710     5   476   603     3   194   865     5
   631   702     9   290   255     2   127   937     2
   610   320     2   712   286    10   248   681     5
   225   879     8   227   888     3   140   891     5
   730   267     1   360   557     4   235   896     3
   507     6     9   313    44     9   317   339    10
    39   126     7   496   216     4    72   287     3
   620   360     1   804   157     7   401   662     3
   679    99    10   450   134     3   335   260     7
   791   473    10   529   919     2   662   677     6
   868   831     4   708   212     1   269   992     6
   478    39     1    88    47     8   597   409     2
   244   514     9    67   267     2   753    68     9
   443   469     8   835    11     5     1   980     6
   674   875     3   736   942     8    72   325    10
   399    89     9   978   621     9   780   888     5
   835   713     8   334   133     7   608   988     2
   579   163     3   223   518     6   392   660     7
   548   106     2   485   729     3    16   490     8
   634   481     6   465   378     9   780   893     2
   392   346     5   829    64     8   135   422     6
   352   654     9   210     1     6   864   327    10
   416   194     2    37   636     4    43   919     1
   480   387     9   568    73     4   712   400     8
   947   287     9   797    92     4   867   935    10
   782   924     4   658   707     1   772   184    10
   647   388     5   638   957     4   698   462     5
   389   600     8   747   815     1   612   425     8
    68   321     3   859   601     8   978   536     2
   762   546     7   923   551    10   651   109     7
   316   376    10   839   579     4   360    59     5
   311   812     7   328   764    10   450   678     9
   563   323     4   509   506     6   694   749     3
   700   107     3   433   355     8   870   716     7
   970   397     4   577   754     5   220   911     2
   192   359     4   825   947     3   574   445     4
   895   484     2   529   132     4   519   959     7
   266   855     9   978   575     2   311   928     5
   245   127    10   988   947     3   810   752     4
   676   249     2   992   107     1   675   803    10
   682    99     7    66   796     5   744   987     6
   220   659     2   689   880     8   104   646     3
    99   160     2   306    54     6   460   151     4
   930   408     6   904   276     2    18   531     5
   175   410     1   408   947     7   244   579     1
   270   608    10   262   646     7    99   511     9
   406   213     2   532    13     7   799   606     1
    65   276     1   820   570     9   487   172     9
   203   546     3   161   942    10   672   976     1
   432   199     5   418   809     6   318   699     9
    30   709     5   216    39     8   634   963     6
   370   905     6   427   981     6   831   604     5
   163   307     2   342   908     4    15   780     3
   257   494     7    41   884     4   150   280     9
   337   920     3   375   899    10   607   679     8
   572   915    10   151   674     6   592   742     9
   232    49     1   715   307     1   216   654     1
   466   269     6    23   345     6   161   127     5
   705   203     7   117   246     2   489   300     3
   199    14     8   881   637     3   440   210    10
   409   454     5    39   914     8   113   598     9
   531   775     3   327   290     6   943   500     1
   208   380     8   603   573     8   959    58     2
   450    28    10   767   283     3   286   958     3
   281   542     3   153   612     9    23   343     5
   341    95    10    33   262     7   179   374     4
   766   755     4   404   521     7   942   357     8
    43   511     4   930   958     5   904   788     7
    48   336     1   849   192     8   671    47     5
   206   573     6   418   245     7    36   786     5
   798   430     6   472   854     1   260   767     3
   496   422     1   938   476     5   816   688     4
   466   286     4   747    17    10   327   488     2
   787   214     4   971   790     1    32   808     4
   485   242     5   756   979     9   712   249     8
   153    60    10   975   447     9   865   251     3
   510   134     1   254   276     8   773   939     1
    29   963     4   711   306     2   790   837     2
   504   747     3   229    39     1   171   595     4
   756   153     1   813   144     1   824   757     1
    42   821     3   739    54     9   474   540     3
   605   130     9   329   446     2   388    10     5
   668   991     8   251   951     8   173   973     9
   816     2     4   283   986     6   180   851     9
    55   820     1   815   210     9   291     6     5
   537   536     2   566   851    10   612   487     7
   652   538     8   271   123     2   823   901     2
   317   705     2   988   454     6   640   296     5
   265   197     4   881   948     1   955   859     6
   679   966     5   279    67     5   118   170     4
   287    83     4   490   351     2   173   103     5
   273   928     8   379   894    10   989   125    10
   537   116    10   339   258     6   673   365     3
   849   864    10   299   742     8   518   334     4
   631   180     2   745   702     2   106   269     6
    97   605     5   454   207     8   304   380     3
   420   608     3   913   305     7   755   687     6
   682   154    10   304   861     1   339   100     3
   886   612     3   922   896    10   953   768    10
   302   990     5   571   215     9   115   741     9
   877   452     1   632    60    10   767   840     8
   838   470     1   239   254     5   778   185     7
   399   882    10    71   245     3   584   563     2
   495   104    10   845   407     6   398  1000     1
    31     7     5   878   531     4   888   212     1
   922   717    10   589   304    10   711   840    10
   678   581     2   374   830     7   671   683     2
   353   842     4   170    57    10    39    26     9
   797   893     2   687   945     7   979    56     2
   425   885     5   236   137     9   403   144     3
    13   875     6   372   176     3   618   370     2
    22   751     7    54    69    10   123   284     7
   891   548     7   794   139     7   224   793     8
   900   593     7   176   783     2   324   167     2
   543   485     9   729   737     9   760   941     2
   352    55    10   322   474     3   515    47     6
   579   710     7   680   568     5   514   233     1
   361   476     1   791   211     4   101   218    10
   299   937     7   189   360     7   647   175     7
   274   236     2   839   955     3   254   101     4
   436   827     3   649   204     9   300   312     2
   180   761     8   357   842     3   296   989     1
   816   851     7   539   414     2   392   982     5
   438    34     1   117   938     7   512   486     2
   264   864     9   616   840     3   185   447     7
   313   186     1   217   286     8    61   643     3
   647   230    10   153   163     3   318   795     9
   585   842     9   936   361     7   676   756    10
   338   940     3   101   740     4   783   463     9
    65   552     3   697   727     3   911   698     9
   759   146     6    70   472     1   760   869     8
   828   158     3   701   879     5   675   354     2
   713   111     8   719   317     8   473   889     2
   384   207     4   757   456     4   540   938     2
    90   486     9   388   111     7   306   697     1
   690   148    10   481   493     9   183   505     9
   870   251     2   469   652     1   595   436     9
   342   608     4   294   614     3   633   976     1
    34   431    10   839   438     6   733   456     2
   931   814    10   609    65     3   929   750     5
   304   788     9   868   779     5    52   244     1
   436   781     3   575   982     6   713   788     3
   500   484     5   478   501     5   158   779     3
   477   323    10   220   163    10    33   908     9
   671   537     9   724   168     3   455     3     3
     1   323     3   536   513     5   526   305     1
   529   190     7     8   594     5   856   527     5
   417   386     8   125    77     4   478   829     6
   795   428     7   812   869     9   558   629    10
   913   810    10   280   619     4     5   622     6
   589   708    10   324   373     1   817   627     5
   955   999     7   406   478     9   542   964     9
   985   171     3   918   659     5   980   357     5
   515   608     3   277    54     2   340   193     1
   703   755     8   376   161     9   809   452     3
   273   777     7   342   424     6   341   257     3
   976   733     5   194   207     4   536   579     3
   754   601     1   559   255     7   736    85     9
   507    49     1   297   184     1    56   445     5
   349   448     9   704    59     8   404   123     8
   355   402     8   658   409     2   836   393     4
   707   399     6   312   849     6   692   426     8
   617   884     9   329   538     4   695   731    10
   369   379     7   849   462     6   148   542     7
   475   304     3   560   776     8   722   352     8
   849    47     8    38    12     3   485   209     4
   783    35     1   343   146     8   878   661     1
   750   566     6   701   903     6   730   637     8
   238   790     8   367   855     7    82   421     3
   664   177     3   543   208     2   813   861     4
   187   179     4   167    23     1   819   448     5
   617   591     8   846   533     6   517   537     8
   420   538     3   975   934     6   393   224     9
   797   513     3   870   604     7    23   535     8
   505   150     9   611   625     9   366   234     5
   273    46     8   769   626    10   967   142     3
   241   465     9   405   225     9   253   285     8
   463   569     8   445   113     7   391   386    10
   722   258     8   176   448     1   770   877     3
   533    90     2   264   183     2   507   329    10
   191   168     2   224   538     8   395   710     5
   878   502     6   418   528     5   637   494     4
   239   790     5   770   672    10   724   410     4
   299   757     8   678   602     2   801    63     3
   472   152     7   947    19     7   558   374     8
   312   860     8   963   482     4    10   360     5
   823   671     7   440   234     9   413   542     1
   330   739    10    92   553     1   506   924     8
   617   225     2   952   729     2   463   845     8
   612   504     7   539   823     5   252   452     4
   710    87     6   712   506    10   276   292     4
   719   664     3   306   497     6   706   797     7
   132   641     5   174   215     9   553   585     4
    11   518     3   618   465     4   137   271     9
   432   637     2   729   923     1   718   818     4
   893   962     2   348   655     6   418   241     6
   605   504     7   180    83    10   836     3     3
   280   822     1   893   495     5   472   615     9
   357    75     1   326   989     9   511   149     2
   732   790     1   783   867     4   267   996     6
   208   895     4    79   789     8   986   159    10
   961    95     9   728   342     5   845   721     1
   511   804     6   473   765    10   797   587     5
   393    79     2   659   815     5   207   728     4
   517   762     8   315   139     5   969   765     5
    19   273     6   671   502    10   198   850     2
   242   640     6   416   935     3   207   464     2
   150   457     1   515   506     9   302   627     8
    51   903     8   372   568    10   123   953     3
   679   290     9   838   688     5   912   616     1
   885   751     9   189    97     8   641   175     7
   660   945     5   992   790     6   519   683     1
   829   872     2   920   180     6   251   428     4
    13    24     9   371   505     4   490   486     8
   443   654     3    79    16    10   972   398     1
   958    98     7   815   881     9   384   878    10
   973   393     8   510   531     3   692   226     3
   628   969     8   905   822    10   399   609     8
   120   215     8   844   857     2   625   427     9
   643   460     8    45   243     3   545   483     1
   205   121     9   541   457    10   178   693     9
    80   483     7   953   873    10   126   467     9
   159   404     5   976   257     2   299   919     7
   486   331     9   476   637     5   736   853    10
   834   351    10   357   147     5   754   422     1
   902   298    10   663   686     2    22   383     2
    76   299     4   742   495     5   730   251     6
   340   116     5    64   268     1   679   439    10
    93   631     7   754   702     4   274   924     4
   676   248     1   692   522    10    47   979     8
   186   116    10   896   754     2   310   239     1
   100   770     8   658   540     8   824   130     6
   707    83     3   306   194     6   404   704     5
   941   923     6   776   395     4   828   249     7
   910   953     1   398   866     9   731   339     6
   570   714     1   617   548    10   743   853    10
   295   545     8   398   798     4   328    42     1
   840   550     8   519   151     9   443   762     5
   226   870     3   920   233     3   842   535     1
   703   220     3   793   622     7   125   869     5
   282   101     6   892   712     3   119   105     3
   917   232     3    27   576     1   653   852     1
   799   992     4   713   367     5   254   999     4
   778   741     4   856   500     4   695   130     4
   690   192    10   579   909     4   142   741     1
    69   444    10   363   329     2   696   795     3
   709   591     5   167   487     2   374    81     6
   594   421     9    19   465    10   596    75     7
   550   670     2    30   355     5   911   240     1
   803   270     1   722   467     1   789   408     8
   533   755     2   390   685     1   639   151     9
   763   612     9   283   422     7   683   421     7
   380   853     2   566   118     2   970   138    10
   389   199    10   209   584     7   740   875     3
   349   108     7   785   422     1   521   981     5
   401   432     6   724   645     2   306   940     3
   604   171     7   946   370     7   106   360     5
   386   729     7   880   384     3     2   955     1
   384   202     2   129   912     8   966   529     1
   803    76     1   835   141     3   205   253     3
     4    57     8    74   835     5   243   320     1
    73   895     2   107   303    10   580   850    10
   613   360     2   285   642     9   413   619     8
   808    24     8   354   320    10   480   895     7
    67   690     4   708   777     5   675   333     7
   583   697     9   448   720     3   739   482     6
   291   841     3   530   644     2   374     2     4
   139   582     9   295    97     8   861    29     9
   827   516     9   736   716     8   884   441     2
   504   191     4   277   698     5   823   867     2
   591   906     4   713   936     4   258   734    10
   690   108     6   444   789     9   906    32     3
   673   356     4   982    64     9   432   769     2
   417   497     4   945    96     5   835   624     9
   391   317     8   939   842     6   968   631     4
    53   201     2   606    29     2   794   984     9
   397   857     3   662   796     6   693   124     9
   536   743     5   437     6    10   774   442     8
   264   367    10   701   717     8   629    49     3
   407   151     6   864   168     1   215   940    10
   417   202     8   684   297     1   902   856    10
   938   341     6   967   466     8    43   320     9
   429   679     9   154   145     8   307    41    10
   891   607     7   680   403     4   656   215     3
   766    42     8   213   740     9   818    92     7
   451   589     3   521   355     6    18   683     3
   701   911     8   227   470     3   769   776     9
   763   143     9    74   633     7   924   675     1
   950   815     9   184   942     3   969   497     6
   387   883     8     5   332     7   871   454    10
   568   106     7   302    85     9   834   626     2
   715    21     4    12   292    10   542   773     7
   371   627     1   988   624    10   230   377     9
   423   963     1   202   305     5   290   978     6
   574   692     8   889   426    10   876   804    10
   435   745     6   662   385     7   747   190     3
   339   587     7   218   767     9   165   636     7
    19   768     8   955   217     8   962   381     6
   281   910     7   388   421     1   642   327     8
   225   220     2   280   632     4   404   722     8
   685   690     5   619   679     4   747   681     6
   416   365     2   240   707    10   426   967     9
   264   951     7   488   510     6   318   581     6
   864   597    10   154   518     9   270   663     1
   846   164    10    76    43     9    84   795     3
    55   167     6   241    86     8    69   429     8
   203   955     8   285   601     2   898   268     4
   123   679     3   962   156     7   652   264     8
   855   662    10   148   588     1   545   657     1
    82   205     9    89   358     8    38   816     5
   116    91     1   154   829     7    25   192     9
   548   966     9   745   158     6   933   422    10
   243   124     2   396    97     1    53   775    10
   481   911     8   843   692     1   357   971     8
   106   551     2   883   914    10    42   681     3
   702   738     5   719   636     2   725   994     8
    20   174     2   211   496     5   939   639     7
   141   305     9   323   447     2   450   667     8
   588   264    10   919   137     9   628    92     6
   372   105     1   878   396     7   203   182     4
   608   846    10   945   444     1   166   296     1
   248   580     2   543   395     8   526   874     9
   704   435     5   241   775     6   366   887     3
   769   654     7   489   338     7    34    13     4
   864   425     6   877    96    10   428   438     6
   163    27     7   312   560     4   141   156     8
   878    96     9   564   554     8   511   514    10
   709   461     7    79   341     6   657   312    10
   129   680     3   832   325     9   799   161     1
   425   234    10   910   451     5   616   496     4
   600   376     9   490   736     7   909   938     1
   375   286     2   404   448     1   968   931     2
   236   945     6   975   450     5   426   540     6
   379   776     3    65   632     7   588    61     6
   981   428     2   878   654     6   866   465     4
   578   872     9   176   763     2   260   699     6
   314   991     3   902   793     7   255   938     2
   163   948    10   204   103    10   663   399     2
   437   309     9   931   107     1   405    94     2
   966   500     7   753   719    10   832   121     4
   670   965     1   898   204    10   903   577     3
   787   979     5   599    87     9   505   268     7
   906   802     5   124   126     7   510   146     5
   668   496     4   664   801     5   798   753     8
   198   727     7   607   368     2    23   503     2
   353   123     5   993   463     8   552   650     2
   980    65     3   867   268     6     9   254     8
   425   435     4     7    13     8   252   125     8
   650   910     3   967   761    10   659   582     4
   372   801     6   186   165    10   667   724     7
   214   187     6   592   379     2   454   698     9
   963   947     4   790   952    10   422   701     7
   326   904     4   501   798     7   311   251     6
   641   700     5   142    73     9   451   666     6
   942   792     6   400   363     9   376    43     1
   787   794     3   128   413    10   721   942     2
   535   677     9   337    51     9   102   577     8
   611   844     2   386   230     1   972   979     4
   916   285     8    95   154     7     7   501     6
   245    80     8   418   496     5   725   931     3
   243   390     2   356   904     7   419   155     7
   735   590     4   230   429     9    99    17     5
   551   315     7   387   401    10   776   879    10
   763   291     3   695   872     2   600    21     5
   565   496     4   341    35     3    85   253     6
    46   515    10   420   613     3   141   462     3
   601   594    10   769   589     5   769   882     3
   662   503     5   480   603     9   251   461     9
   149    57     6   207   562    10   966   894     3
   650    61     9   730   477    10   545    77     9
   741   587     4   414    27    10   720    19     5
   408   410     1   604   554     7   261   373     9
   940   932     4   679   432     6   379    61     9
   951   901     6   147   287     4   943   871     2
   908   363     5   608   679     4   925    57     1
    83   178     5   849   929     8   587   380     8
   453   964     8   688   962     5   466   749     9
   836   506     5   489    28     7   214   312     5
   483   997     7    49   704     7   898   693     5
   638   230     8    40   251     2    94   156     7
   367    49     8   389   513    10   805   468     7
   455   872     4   208    56     2   809   481     1
   161   666     9   940   167     7   772   960    10
   508   631     8   178   424     7   408   468     6
   781   998     2   560   546     6   740    91     9
   648   411     8   330   743     2   396   928     3
   887   332     8   163   926     8   404   469     8
   883   529     1   291   177     5   916   348     8
    10   947     9   973   951     8    28    27     8
   150   593     2   705   310     6   470   874     9
   711   536     4   232   937     1   913   770    10
    38   341     8    24   572     5   753    71     3
   382   972    10   210   572     9    50   598     9
   583   939     4   190   863     4   622   455     9
    73    26     3   438   531     1   198   781     5
   273   969     4   283    88     3   157   555    10
   815   885     9   654   379    10   536   395     8
   152    50     4   791   235     2    43   888     6
   834   889     8   402   812     2   611   410     4
   131   716     5    38   887     7   382   476     5
   540   210     8   893   163     7   438   197    10
     8   618     5   656   999     6    10   474     7
   965    96     8   336   950     2    46   994     4
   181   167     7   906   702     5   313    56     6
    90    89     6   742   456     3    84   843     6
   420   907     9   230   667     1   811   576     4
   453   933     2   156   316     3   330   787    10
   637   725     2   162   148     4   511   252    10
   613   664     8   325   335    10   484   976    10
   305   508     7   852   775     9   210    64     8
   758   165     7   494   361     9    37   225     5
   737   683     2    44   433     4   418   715     8
   929   194     2   181   758     2   755   899     7
   108   671     9   898   956     4   169   114     7
   669   793     5   820   714     2   116   745     7
   989   622     9   763   150     1   339   825     8
   912   874     5   853   241     2   911   333     8
   463   173     9   749   184     1   485   868     1
   139   337     1   457   704     2   494    97     4
   162   829     8   581   179     5    44   459     3
   391   968    10   879   230     1   208   768     5
   231   146     6    19   687     6    85   604     1
   571   376     1   519   778     7   875    35     4
    90   710     3   137   356     4   940   747     5
   563   227     4   907   980     1   106   575     8
   188    17     5   496   498    10   305   372     2
   965   928     1   514   848     7   151   328     6
   865   439     7   366   412     7   985   432     4
   896   534     4   860   790     2   468     7     4
   466   702     6   106   532     1   144   102     3
   642   665     5   816   247    10   329   792     5
   475   103    10   779   307    10   226   733     4
   799   978    10   827   849     7   541   984     3
   502   255     4   227   378    10   451    32     7
   158   157    10    88   938     9   896   724     8
   274   413     2   227   268    10   312   692     3
   386   788     9   573   817     5   769   714     3
   166   685     2   146   746     9   890   934     1
   279   703     3    81   907     6   583   130     2
   301   693     4    46    30     5   602   516     7
   842   418     8   365   784     2   462     6     1
   554   803     4    63   559     4   230   366    10
   968   920     5   726    34     2   235   662    10
   186   791     4   592   627     2   852   506     5
   105    35     6   866   873     8   508    70     9
   937   551     7   539   995     6   615   530    10
   585   434     1   884   447     4   736   383     3
   446   285     1   528   916    10   803   896     9
   590   310     2   287   977     3   946   834    10
    14   755     6   662    47     8   793   903    10
   566   589     9   181   626     3   773   536    10
   207   547     5   120   358     7   445   828     5
   657    54     3   192   907    10   252   563     3
   146   870     6   558   194     5   177   455     5
   519   389    10   580   944    10   833   379     6
   738   871     2   489   647     1    70   117     9
   759   386     5   510   313    10   472    15     4
   961   965     5   665   255     5   871   113     2
    68   566     7   436   481     8   621   910     3
   428    21     6   983   932     3   468   442     9
   100   912     7   531   542     2    62   616     2
   753   350    10   854   951     1   594   256     6
   864   850     7    45   867     3   731   830     5
   862   494     6   109   744     4   452   761     1
   966   201     1    33   247     4   695    57     2
   540   335     2   760   784     9   391   958     2
   631   890     8   678   464     1   539   282    10
   994    22     7     6   565    10   108   546     1
   362   784     3   329   700    10    25   540    10
   630   365     6   554   973     4   346   949     8
   193   716     5   156   855     2    63   503     1
   893   960     8    92   182     2   419   865     1
   406    43     7   686   143     2   892   165     1
   955    12     8   863   825     6   524   711     8
   172   719     3   368   600     5   979   351     8
   581   187     7   887   827     8   818   222     1
   110   887    10   392   922     7   945   870     9
   278   185     9   941   428     2   232   628     3
   104   690     2   125   381     2   491   296     7
   762   835     1   322   225     4   373   773     2
   365   860     3   152   829     4   158   498     6
   713    14     2   334   609    10   193   565     9
   442   475     7   240   857     7   249    31    10
   694    25     4    66    89     3   758   503     4
   438   284     2    34   527     2    62   415     3
   803   566     8   523   566     7   147   463     8
   755   201     5   255   839     7   401    76     8
   288   824     3   519   779     5   354   735     4
   782   650     3   701   348     7   947   345     5
   296   118    10   974   216     3   674   788     7
   493   502    10   854   167     6   155   610     3
   718   705     4   170   454     9   148   836     2
   658   218     3   924   321     4    97   785     8
    88   868     2   362   941     3   742   224     6
   468   323     5   161     4     9   957   595     2
   105   324     8   889   417     1   170   895    10
   712   889    10   630   749     8   123    17     6
   432    53     3   715   882     6    18   202     9
   452   654     3   728    31     6   647    81     8
   411   672     6   206   185     2   779    68     2
   631   366    10     3   570     7    33   608     2
   712   974     3   658   424    10    87   170    10
   917   488    10   521   194     3   428   970     7
   793   585     1    87   956     1   759   712     8
   764   713     3   291   208     9    51   431     7
   476   760     8   419   361     6   813   115    10
   585   322     7   236   306     1   784   573     3
   246   274     4   965    94     2   437   175     3
   258   976     6   553   192     8   641    23     8
   158   575    10   636   255     4   279   933     3
   521   528     4   514   137     7   424   921     8
   680   667     5   535   810     6   909   568     5
   949   566     1   724   286     5   544   255     2
   869   188     2   270    39     6   547   184     4
   616   151     3   788   939     1   667   348     2
   283   843     5   143   973     2   384   220     5
   666   490     4   712   144     1   489   960     1
   260   452     5   971   421     9    12   328     6
   980   809     7   554   184     5    73   997     2
    40   340     6   195   541     7   257   925     6
   215    81     8   417   585     2   957   799     6
   550   993     2   556   943     4   683   949     9
   431   777     5   967   782    10   201   207     9
   442   555     9   539   875     8     9   386     7
   903   889     9   908    75     5   269   109     1
   130   176     8   662   306     8   743   552     9
   129   253     2   162   995     8   238   908     3
   684   798     6   394   387     3   449   348     7
   775   931     5   470   733     8   168   686     2
   509    26     8   907   342     1   722   323     1
   707    20     2   206   116     9   936    52     3
   415   213     2   423   569     9   989    51     9
   689   611     7   917   843     2   597   873     5
   638   505    10   727   329     3   579    44     1
   750   514    10   678   482     1   467   493     6
   514   864    10    95   301     2   552   100     9
   912   379     9   682   387     3   239   972     5
    70   579     8   979   305     6   152   456     3
   769   963     1   475    38     5   406   902     1
   243   455     2   348    35     8   651   257     3
   904   935     1   312   671     8    13   927     4
    93    33     6   331   923     2   622   214     2
   505   692     1   723   490     8   299   939     3
   789   351     6   297    63     4   836   414     4
   581   414     2   749   291     1   607   664     2
   359   777     4   274   700     9   468   575     7
   970   814    10   130   908     2   791   232     2
   284   204     1   947   308     3   869   914     5
   787   150     7   983   223     9   369   210     6
   223   699     8   133   564     6   534   768     3
   349   199     3   300   223     8   602   594    10
   766   430     3   287   325     5   399   324     2
    81   938     7   716   392     6   597   611     1
   279   432     7   663   912     8   546   139     9
   245   369     6    20    21     6    94   442     8
     6    24     9   741   463     2   888   557     2
   554   737     4   534   552     1   553   238    10
     1   376     4   110   869     4   308   604     3
   468   203     1   291   420     3   196   163     8
   318   952     8   815   553     5   184   488     6
   796   318     1   785   132     6   425   653     9
   452   856     6   572   115     1   949   183     4
   306   121     6   536   309     9   723   170     9
   930   869     9   249    25     2   386    14     8
   228   706     1   737   564     2   358   151     5
   142   907     4   815   338     7   168    17     2
   297   956     2   547   487    10   290   746     8
   671   575     1   777   765     4   156   644     6
   242   292    10    15   941     1   153   706     5
   386   273    10   673   113     5   245    95     3
   882   830     9   200   100     9   604   936     2
   677   343     2   907   531     7   212   626    10
    59   531     8   153   921     9   782   123    10
   855   820     5   365   995     2   935   301     2
   996   521    10   698   200     2   269   938     4
   557   356     6    85   481     2   867   144     5
   532   910     5   592   822     9   649   891     4
   176   423     6   280   903    10   976   627    10
   366   427     4   759   443     1   146   721     1
   562     5    10   308   862     7   876   531     7
   275   868     7   100   696     4   702   320     4
   301   167     3   303   142     8   610   372     1
   517   707     6   169   555     3   710   584     5
     6   664     8   384    84     9   241   894     9
   443    22     7   221   400     8   431   254     7
   508   352     8   646   152     2   396   907    10
    58   677     2   666   855     9   907   753     1
    21   242     2   803    25     1   990   621     3
   910   769     1   263    89     5   783   155     3
   873   896     2   195   143     9   777   759    10
   107   710     2   329   863     9   133   570     2
   763   384     6   880   532     7   853   366     4
   873   939     8   173   153     1   421   803     8
   502   370     1   316   886     9    97   501     7
   941   575     7   244   129     9   742   356     9
   439   905     6   732    45     3   472   578     6
   290   791     1   867   540     1    24   265     6
    74   715     9   685   906     3   323   134     3
   536   638     7   105   504     9   283   981     7
   619   206    10   773   877     9   639   569     9
   490   238     8   999   119     8   923   297     9
   775   483     3   786   834    10   185   627    10
   110   430    10   550   394    10   995   864     4
   214   464     6   758   777     3   127    65     4
  1000   926    10   968   726    10   148   743     4
   286   837    10    79   363     8   310   195     2
   168   838     5   111   659     3   386   323     9
   452    98     1    84   409     7   495     1     1
   269    19     9   682    82     7   194   473     9
   585   426     6   151   652     4   971   296     5
   108   700     8   873   797     7   182   842     8
   870   564     1   331   750     8   706   890     4
    24   249     7   197   649     8   728   747     2
   587   634     3   528   533     3   644   879    10
   587   778    10   781   895     5   231   613     6
   804   989     2   420   309     3    34   692     8
    81   185     3   294   351     4   758    48     6
   369   772     7   331   938     3   414    82    10
   137    13     9   146   824     5   794   396     6
   788   252     8   841   838     7   173   960    10
   398   683     6   207   104     6   975   156     4
   508    60     5   154   922     1   547   270    10
   773   327     9   616   841     2    30   926     5
   466   135     2   161     8    10   208   770     6
   907   161    10   287   311    10   175   784     3
   981   171     9   749   688     6   845   471     9
   538   983     7   683   727    10   431   442     6
   723   244     8   312   403     2   624   225     3
   574   450     7   300   415     6   850   153    10
   703   634     5   346   504     5   867   133     4
   182   281     3   981   698     5   921   777     2
   387   295     1   384   284     4   217   105     8
   333   507     4   243   638     6   473   549     7
   979   350     2   422   250     6    32   569    10
   903   877     5   950   677     5   683   549     9
   570   449     4    54   821     6   937   563     7
   893   838     2   883   198     5   314   700     1
   442    98     9   759   886     3   254     2     5
   737   867     6   155   204     4   351   397     7
    13   855     6   137   841     8   648   986     1
   330   929     4   521   164     5   246   845     7
   129   567     5   897   154     2    19    88     7
   589   530     9   259   848     8   650   570     1
    98   209    10   634   417     5   699   687     5
   179   833     8   419   217     3     4   827     6
   597   568     7   203   514     7    39    86     2
   835   752     1   421   931     8   312   514     7
   827   497     9   274   696     9   222   614     2
   167    12     2   652   876     9   612   642    10
    56   542     2   308   349     1   468    49     8
   154   109    10   324   573     1   960   783     1
   416   264     8   841   900     2   337   662     7
   445   970     7   422    33     5   528   485     9
   516    33    10   637   861     4   376   974    10
   888   697    10   999   409     2   462   675     7
   331   748     8    75   147     9   835   411     8
   432   773     7   697   334     3   792   651     8
   583   661     7    75   452     2   358   586     8
   347   398     8   531    31     3   397   620     5
   905   491     1    24   244     7   611   497     2
    17   418     2   817   224     5   814   426    10
   689   529     8   910   570     9   782   239     4
   768   556     9   476   593    10   672   441     2
   163   921     1   271   439     4   737   661     7
   673   701     6   992    71     8    21   291     7
   771   397     7   323   521     8   917   497     6
   805   269     1   603   612     1   915   288     8
   180   740     2   218   752     4   731   523     6
   158   900     7   652   313     8   582   154     2
   564   113     2   648   327     5   661   490     1
   671   664     6   112   554     4   381   969     5
   265   519     2   810   449     9   776   986     8
    94   499    10   750    89     8   803   648     3
    62   349     3   117   671     3   573   845     5
   496   778     5   985   185     5   854   719     7
   365   876    10   956   679     2   375   909     2
   307   429     8   626   371     6   997   432     9
   159   960     2   883    55     1   749   274     3
   530   979     4    48    37     4   338   541     7
   188    31     7   873   784     3   509   459     3
    17    41     6  1000   567     4   234   598     9
   144   232     3   929   538     2   453   962    10
   162    85     6   852   911    10   584   258     5
   515   202     4   448   307     9   713   676     2
   581   176     1   343   391     3   966   196     8
   288   467     9   521   547     1   599   480     4
     7   447     9   892   652     1   943   535    10
   627   390    10   120   661     9   471   488     4
   457   123     3   439   161     1   631   280     4
   557   464     2   956   630     7   689   700    10
   256    40     1   221   598     4   228   524     9
   333     9     8   172   307    10    21     2    10
   462   425     1   450   273    10   769   286     3
   217   682     3   331   326     5   311   443     2
   426   552    10   182   348     2   607   194    10
   478    35     8    71   490     6   376   419     5
   539   997     6   196   398     9    23   833     9
    21   126     1   915   818     9   557   375     1
   277   537     8   549   196     5    94   130    10
   515   198     2   811   363     8   189   126     9
    51   788     7   451   888     5   688    30     9
   695   205     1    15   789    10    38   810     3
   819   404     7    94   835     7   473   170     2
   258   506     9    95   117     1   250   115     2
   526   306     2   650    46     8   471   568     8
   400   797     3   937   630     4   386   161     8
   506   310    10    20   500     1   181   898     7
   378    42     7   152   296     5   564   389     4
   541   407     3    35   276     7   450   845     9
   727   306     7   529   192     8   933   798     3
   651    10     3   661   714     2   841   661     6
   951   378     1   508   452     4   707   755     2
   531    51     7   327   131     2   511    76     3
   915   520     2   474   748     2   679   271     4
   317   320     6   285   390     4   455    96     9
   898    77     5    22   928     4   232   408     6
   809   765     2   687   439     3   989   599     3
   996   362     6   592   842     8   529   593     7
   333   581    10   438    65     4   350    71     6
   456   751     9   779   957     5   101   617     3
   904   634    10   880   366     9    90   251     6
    44   863     1   904   548     5   981    22     6
   769   496     3   722   271     5   582   351     2
   126   585    10    53   893     7    52   865    10
   989   985     2   143   633     6   443   788     6
   458   269     2   500   335     4    16   731     9
   280   240     7   647   152     5   522   231     8
    12   144     2   282   806     8   471   337     8
   687    65     5   961   762     6   770   256     1
   590   345     5   505   697     6   367   751     4
   792   228     6   826   235    10   176   828    10
   446   499     5   856   922     6   679   297     7
   254   253     2   609   383     5   925   877     5
   233   539     8   981   923     6   206   593    10
   188   893     4   904   146     3   660   751     7
   711   432     4   381     3     1   373   404     9
   468   960    10   422   151     1   788   775     2
   684   278     3    31   162     1   966   300     9
    62   638     8   652   209     1   977   325     3
   627   894     3   461   674     2   106   218     7
   258   701     5    40   382     4   750   456     3
   462   515     2   348   153     1    32   692     6
   738   114     9   106    53     4   353   352     4
   190   556     5    78   357     8   937   406    10
   858   928     4   696   354     6   591   582     1
   274   744     3   882   822     4   499   920     1
   959   420     3   742    97     8    91   339     5
   239   773     5   278   636     7   292   488     3
   337   257     7   608   253     8   858   934     5
   511   586     1   378    50     6   733   815     2
    11   947     1   954   308    10   212   917     2
   627   551    10   624   868     7   392   153     3
   721   798     1   943   816     3   500   567     1
   325   104     8   371   547     4   814     5     7
   107   463     1   493   707    10   467   524     6
   303    69     5     3   379     6   780   676     3
   198   307     6    63   915     9   349   549     6
    93   213     5   525   229     1   754   430     7
   149   882     4   514   500     9   132   924    10
   383   266     5   874   735     7    70   897     1
   536   817     6    58   944     9   585   372    10
   551   600     9   357    77     5   266   120     7
   454   799     8   328   412     5   161   381     3
   204   356     5   426    24    10   386   373    10
   725    96     9   223   415     1   692   411     3
   852   847     4   524   253     3   230   437    10
   507   521     9    82    18     6   459   664     3
   734   465     9   290   561     3   321   881     6
   327    73     3   788   592     7   537   982     1
   344   724     5   351   511     2   356   711     6
   129   278     1   917   669     2   440   978     7
    83     4     4   447   161     1   889   859     9
   998   148     6   832   105     1   159   890     5
   540   377     5   359   561     5   268   521     6
   602   306     2   188   873     4   423   168     6
   193   226     3   979   166     1    22    54     8
   729   797     5   529   939     5   919   945     3
  1000   754     3    55   909     1   577   183     7
   126   753     4   857   763     1   705   982     2
   655   349    10   870   750     1   698   208     6
    34   825     8   327   975     9   762   459     7
  1000   918     8   621   184    10   792   979     6
   104   118     2    24   622     6   835   527     3
   184   409     2   107   255     1    82   221     6
   544   702     6   844   337     8   929   311     8
   252   381     3   614   232     2   242   619     2
    82   281     1   887   942     8   245    55     5
   454   749     2   278   786     2   693   337     3
   213   777     9   586   457     7   125   460     9
   734   122     1   650   671     2   193   977     5
   609   388    10   177   263     1   983   314     8
   792   737     4   156   858     3   645   706     2
   433   627     5   909   412     9   125    51     7
    78    30     7    66    97     7   803    93    10
   753   380    10   676   156     7    44   829     5
   930   718     5    55   936     3    48   366     1
   888   603    10   888   826     9   873   199     9
   949   173     4   741   877     2   264   381     2
   892   861    10   228   359     1   904   804     6
    77   171     9   403   411     4     6   783     8
   422   969     7   460   425     8    34   493     2
   652   266     7   892   616     2   944   694     7
    54   638     8   499    37     1   210   252     3
   856   130    10   562   697    10   159   987     9
   551   278     8   745   102     5   293   606     9
     1   441     5   697    24     6   531   178     3
   590   439     6   184   620     3    82   366     3
   845   962     8   770   163     6   546   608     1
   849   949     2   432   847     7   381   151     3
   434   930     2    84   762     9   809   668     3
   426    38     8   983    83     1   750   873     2
   851   305     4   253   697     2   747    91     8
   825    43     2   565   911     4   428   171     6
   272   896     2   674   819     7   808   532     5
   278   822     9   297   717     3   849   658     1
   749   991     4    77   506     9   606   106     9
   427   391     4   888    23     6   872   441     2
   853     7     2   870   649     7   600   491     8
    19   935    10   542   481    10   469    97     3
   670   199     1   597   140     7   931   705     1
    36   819     8   756   147     7   348   382     3
   288   381     4   996   984     3   162   317     8
   844   959     3   451   634     2   899   901     5
   795   214     3   636    63     6   875    61     5
    12   506     9   477   677     9   537   817    10
   905   718     4   822   653     6   583   156     4
   423   535     9   163   793     6   334   677     6
   504    56     4   605   868     1    66   697     1
    20   744    10   272   204     9   384   385     4
   438   572     9   543   349     1   429   545     6
   675   628     3   901   121     2   108   875     3
   221   151     9   173   302     8   840   659     8
   113   837     3   705   365     2   294   886     6
   634   801     2   742   801     9   160   659     7
   835   733     8   915   760    10   228   134     7
   149   979     3   161   793     5   513   848     8
   700   606     5   983   747     5   313   328     5
   172   251     7   590    33     3
