            1
         1000        5000          10 42
     601     516     156     358     239     208     286     124     991     546
      26      74      97      45      32      65      47      54      78      86
   213   821     9   213   240     2   213   168     2
   821    49     3   821   326     2   429   821    10
   466   429     6   947   240    10   240   991     1
     7   240     2    49   396     1   821   673     4
   466   406     6   673    44     1   821   936     9
   429   587    10   681    49     6   406   723     9
   317    44    10   649   587    10   434   936     2
   256   673     8   876   396     3   993   681     2
   396   898     6   432   993     8   993   893     5
   736   429    10   253   213     2   893   219     1
    92   213     1   681   756     6   898   298    10
   708   213     5   893   195     7     7   680    10
   256   724     3   637   429     7   326   524     6
   651   429     9   496   637     6   708   850     1
   240   521    10   947   274     6    40   936     4
   930   991    10   817    92     3    76   253    10
   637   394     7   817   867     9   150   649     3
   264   930     3   936   301    10   362   724    10
   898   537     7   593   651     9   735   867     9
     5   876     2    25   394     3   984   253    10
    35   434    10    45   756     3   272   735     8
   612   930     9   724   742     5   850   739     4
   326   907     2   742   919     6   893    32     3
   723   315     4   930   992    10   876   234     1
   518   739     7   705   317     2   466    95     8
   947   878     2   593   319     7   272   358     8
   298   996    10   610    40     9   150   512     8
   723    78     2   984   981     6   452     5     5
   996   500     4   246   234     9   539    95     7
   645   396     7   401   992     6   612   751     8
   992   461    10   406   544     3   593   631     2
   921   919    10   233   521     1     5   202     9
     5   667     9   362   826     5   834   168     4
   817   499     6   365   406     3   907   273     5
    25   833     8   537   107     4    78    61     1
   524   804     3   150   955     5     5   696     6
    25   281     3    95   945     5   766   394     7
    58   512     9   478   362     3   757   478     4
   909   723     6    56   907    10     7   250     8
   964    95     9   312   834     1   544   845    10
   622   751    10   406   260    10    85   645    10
   658   907     7   993   952     3   574   992     2
   609   667     7   514   833     5   605   993     2
   452   846    10   843    56     7   587   279     8
   807   315     7   244   921     9   561   264     8
   257    56     8   843    27     9    95   222     7
   746   680     4   989   955     1    65   150     2
   992   621     8   434   490     8   670    25     1
   125   250     6   233   357     5    85   839     7
   490   687     4   308   298     4   394   584     8
   909   962     7   724    14     3   571   843     1
   839   677     7    41   964    10   333   705    10
   131   317     3   817   923     3   279   119     3
   378   947     4   952   402     4   171    61     9
   993   635     1   174   981     6   214    49     3
    33   930     7   326   927    10   518   902     7
   700   561     2   849   250     8   577   876     1
    85   456     9   257   288     9   977   898     7
   947   325     5   945   652     2   312   953     6
   394   961     4   631   390     8   687    80    10
   416   539     7   309   631     8   833   382     9
    14   550     5   605   896     1   895   921     7
   461   596     6   670   486     2   196   962     4
    96   256    10   554   667     5   171    94     4
   196   628     9   850   671     7   556   499     5
   580   358     7   705    34     3   528   927    10
   478   147     1   945   204     5   932   561     2
   671   133     2   617   537     8   883   308     1
   253   373     5   246   225     7   789    78     2
   235   952     8   584   655     2   269   677     9
   521   884    10   165   700     3   279   392     2
   183   804     5   281   578     5   892   628     4
    63   544     4   774   478    10   631   435     1
   558   244     1   670   428     9   764    58     4
   516   739     7   431   326     1   578   316     6
    36    76     2   972   708     3   183   643     1
    45   568    10   183    62     4   625   431     3
   902    55     6   490   710     6   441   909     2
   406   501     5   250   329     5   249   390     3
   235   753     3   149   279     7   583   927     7
   559    35     4   168   318     7   107   576     6
   606   333     3    94   477     9   521   733     9
   718    34     4   683    56     3   265   452    10
   696   471     7   745    78     2   876   937     9
   398   183     7   399   696     7   935   895    10
   481   499     6   893   830     9   275   622     4
    70    40     2   651   170     1   696    10     5
   301   146     1   869   461    10   435   650     7
   311   490     3    35   175     2   136    40     2
    47   309     5   584   747     3   992   263     5
   318    43     3   665   249    10   866   365     6
   355   171     6   693   649     1   783   246     2
   121    55     4   435   915     2   358   306    10
   683   818     3   537   546     1   478   153     1
   523   452    10   288   959     5   205   355    10
   659   146     3    32   228     2   744   818    10
   665   525     7   637   600    10   631   408     9
   605   794     2   677   296     7   164   561     6
   992    86     3   128   843     3   743   165     3
   222   982     4   710   470     1   394   840     6
   362   519     6   146   104     8   162   909     8
   833   483     8   165   557     7   385   977     5
   890   235     8   715    80     3   490   243     2
   487   895    10   358   597     1   434   602     1
   570    92     3   281   543     3   240   829     1
   994    36     9    71   715     9   587    64     9
    93   845     6   514   836     9   809   715     1
   431   458     2   147     4     3   248   774     6
   982   232     6   459   637    10   815   649     8
   834   900     1   743   384     7   276   432     7
   884   653     5   447   631     5    18   461     6
   440   470     6    64    38     7   504   715     4
    27   374     6   276   468     1   834   444     5
   259   205     8   985   174     4   385   208     3
    89   240     2   706   519     9   456   331     2
     1    27     5   214   591     3    25   691    10
   995   175     1   566   554     6   570   271     3
   466   873     9   407   995     9   805   706     1
    76    29     3   858    94     6   391   170     6
   528   156     7   590   208     4   658   540    10
   735   832     6   610   589     3   295   281     4
   262   753    10   340   818     5    72   257     7
   540   870     2   566   904     6   680    52    10
   264   887     9   601    70     9   891   104     3
   444   229     8   588   849     1   438   461     2
   284    78     8    33   347    10   953   906     8
   183   831    10    62   199     7   712   653     8
   425   580     1   378   182     9   897   794    10
   397    92     7   297   434     5   747   140     7
   299   985     4   359   329     9   518   905     5
   287     5     8   340   443     9   525   910     8
   710   594     5   246   838    10   434   427     1
   339   501     3   445   557     1   654    56     5
   554   437     9   560   840     8   422   628    10
   164   775     2   241   107     5   681   792     6
    52   788    10   385   960    10   139   590     8
   355    54     4   279   245     8   262   618     2
   778   274     2   729   815    10   668   204     7
   768   458     8   911   309     7   848   269     5
   629   710     5   716    55     2   354   845     6
   784   359     7   155   241     4   674   896     8
   507   733     6   729   167    10   246   389     6
   390   515     7   545   927     2   862   326     6
   834   626    10   502   715     7   652    21     4
   655   579     2   333    12     3   574   513     3
   848   344     3   674    51    10    90   650     6
   120   225     8    24   649    10   746   366     3
   976   652     3    97   580    10   810     1     2
   552   347     2   246   251     2   369   121     9
   931   691    10   989    91     4   874   712    10
   514    67     5   383   789     4   749   195     8
   699   250     8   167   899     6   141   809     7
   464   733     1   339   956     1   592    86     9
   829   353     6    11    97     2   246   148     3
   423   736     6   600   851     3   419   245     4
   498   512     2    71   197     1   639   240     8
   621    48     9   181   468    10   627   830     2
   841   921     1   112   416     2   392   534     4
   282   891     4    28   866     2   314   197     3
   624   869     4   487   302     4   213   762     2
   591   776     3   134   833     3   418   264     6
     7   881     1   554    17     5   143   984     5
   577   759     2   930   704     4   879   639     5
   804   640     8   704   987    10   797    96     5
   375   358     9   738   881     7   596    59     7
   601   492     8   306   661    10   691   321     2
   239   671     1   524   675     8   760   397     7
     3   311     3   307   373     9   320   830     2
   432   828     4    52   731     5   556   188    10
   248   159     9    55   348     7   523   200     1
   675   484    10   117   705    10   611   749     3
   206   887     5   475   712     7   679   784     4
   376   301     9   759   192     8   759   737     2
   670   765     7   229   258     9   988   519     6
   664   499     2   636   459     4   581   281     5
   867   969     3   369   563     1   781   257     5
   248   142     5   738   268     9   661   853     2
   234   352     2   944   716     3   249   684     2
   271    30     6   769   513     7   505   365     8
     2   397    10   505   115     6   904   286     7
   893   811     2   428   872     8   553   213     2
   787   691    10   585   214     1   642   667     6
   992   455     9   915   436     3   908   783     7
   631   790     8    32   754     9   481   632     5
   530   891     4   156   420     1   268   113    10
   806   696     5   536    47     7   997   650     4
   766   575     8   939   987     3   663   170     1
   731   963     6   731   999     5   289   905     3
    56   734     3   270   996     6    37   729     8
   251   728     2   208    16     1    13   347     3
  1000   125     3    60   477     8   916   911     6
   910    88     9   751   842     8   450   339     6
   328    43     7   473   873     7   768   467     6
   780   315     9   340   118     4   480   136    10
   322   858     3   612   722     5   918   959     2
   167   158    10   811   799     9    19   776     2
    63   247     1    11    31    10   107   603     1
   970   444     4   395   112     8   701   809     5
   846   928     5   293    70    10   977   343     3
   698   195     2   692   556     5   662    78     3
   426   919     4   711   441     8   137   893     6
   695   828     7   258   844     1   413   516     8
   973   286     2   252   704     4   560   414     9
   769   741     5    86   405     1   361   736     3
    79   592     8   478   176     1   875   407     1
   884   291     9   436   111    10   686   993     8
   229   713     7   309   130     2   325   800     3
   390   469     9   161   435     4   438   688     3
   860   805    10    90   941     2    16   280     8
   842   290     5   889   663     9   117   903     2
   357   855     9   801   131     2   665   669     1
   750    63     4   278   892     9   497   158     8
   579   694     7   324   807     4   614   473    10
   305   887     3   257   393     8    26   243     1
   188   795     8   573   546     2   202   582     7
   520   518     7   285   318    10   785   469     8
   639    22     5    16   946    10    44   266     5
    62   702     3   279   138     4   819   578     4
   918   448     4   608   794     5   429   717     3
   379   892     6   826   451     5   215   369     6
   371   539     6   271   730     9   719   344     2
   479   984     6   183   177     7   392   304     3
   489     4     4   312   564     5   617   129     7
    97   172     3   389   922     9   624   957     9
   926   246     4   458    77     4   277   339     5
   194   251     6   660   359     5   240    46     1
   153   198     6   894   801     1   533   319     9
    98   626     4   360   361     2   294   487     2
   564   871     3   137   647     2   544   535     1
   196   415    10   748   414     9    74   343     5
   140   767     5   555     7     9   300   704     3
   910     9     3   884   824    10   132   414     7
    61    39     7   685   972     6   316   349    10
   122   552     1   359   798     3   679   595     1
   547   987    10   630   963     2    27   190     4
   495   810    10   707   492     2   320   803     9
   136   917     2   743   965     5   135   507     2
   351   839     7   537   958    10   180   603     4
   326   189    10    26   106     7   685   697     4
    68   741    10   792   261     2   506   947     2
   125   752    10    27   227     7   367   276     8
   756   940     9   425   404     8   847   729     3
   763   991     3   508   640    10   477   203     9
   491   159     7   482   995     7   785   100     7
   935   827     3   385   377     2   439    12     8
   615   608     4   884   779     2   879   346     8
    21   777     8   600   421     4   103   486     6
   209   393     4   289   666     8   949   359     4
   837    41    10   988   226     5   349   814     1
   364   180     3   494   601     2   387   293     6
   507   463     9   403   505     1   822   553     1
   613   347     4   381   399     5   485   528     7
   275   370     9   184   555     9   233   476     7
   242   946     3   604   750     4   938   997     2
   562   487     2   948   784     2   619    18     6
   313   935     4     6   524     3   591    66     4
   341   239     2   220   264     3   338   197     8
   586   936     5   872   449     5   796   402     3
   863   908     5   376   223     8   567   405     5
   212   635     9   243    57     6   978    92     7
   410   348    10   440   882     7   388   343    10
   755   301     2   951   695    10   231   811     9
    76   998     5   546   337     8   493   748     4
   572   814     7   357   166     4   279   682     6
   839   542     4   453   496     3   777    84     7
   532   184     8   794   145     4   531   268     9
   980   665     5   490   714     5   570   124     6
   545   859     5   664   954     1   592   975     6
   859   725     4    99   845     7   569   747     7
   861   855     3   598    29     2   107   740     2
   579   966     5   522   814     3    73   273     4
   526   305    10   239   442     7   967   103     5
   994   224     1   419   551     1   615   825    10
   361   983     3   967   971     2   376   709     1
   707   656     7   793   753     6    48   727     4
   907   914     3   864   983     1   687    69     9
   672   965    10   772   586     3   644    88     7
   786   917     6   228   173     4   616   776     4
   341   607     1   104   835     1   151    33     7
   517   279     1   195   334    10   976   433     9
   283   643     6   933   477     9   185   553     7
   405   599     7   971   868     7   925   273    10
   807   968     4   318   110     1   671   877     3
   920   781    10   126   640    10   820   346     4
   503   645    10   212   207     6   169   975     4
   779   538     6   363    85     8   230   713     1
   406   646     2   343   191     4   462   893     3
    38   454     3   565   426     6   157   234     9
   101   473     4   190   218     5   767   885     4
   712   152     5   907   323     6   638   910     2
   303   606     3    70   154     1   541    27     4
   805   943     9   771   130     6   292   563     8
   640   116     9   694   123     5   478   549     3
   741   160     2   986   580     9   386    74     3
   511   100     1   942   304     7   934   938     9
   272   193     8   974   322     1   773   996     6
   118   430     5   255   691     9   261   979     8
    92   380     2   252   310     9    20   752     7
    23   233     5   459    75    10   881   856     8
   268   411    10   797   657     1   746   417     3
   910    42     4   548   597     8   372   638     6
   854    94     3   794   144     5   597   678     8
   396   236     5   691   267     7   710   412     4
    83   873     4   254   605     9   957   791     9
   167   179     6   186    13     3   969   109     2
   890    87     3   850   782     3   995   620     2
   782    53     5   398   350     6   813   219     6
   690   653     6   460   578     5   336   939     2
     1   108     4   912    51     7   227   424     4
   641    47     6   692   163     4   187   260     3
   474   447     9   238    24     4   802   134     5
   857    61     7   770   799     3   803   446     2
   465   322     3   274   457     7   400   403     5
   300    15     5   697   852     6   472   828     9
   719   210     6   812   104     1   293   901     9
   990   503     6   341   368     2   823   214     7
   201   346     8   127   550     5   880   872     5
   723   332     7   720   600     6   345   683     8
   143   102     3   105   627     2   761   480     3
   356    70     6   509   657     1   448   689     5
   527   443     9   633   757     9   383    50     5
   905   488     3   237     2     2   703   183     6
   888   101     6   924   428     8   336   950     9
   216   141     8   663   634     1   514   327     5
    46   623     3   726    27     6   335   870     6
   258   409     8   729   221     1   732   315     1
   594   217     7   437   865    10   465   676     2
   219   886     5   993   913     7   176   816     1
   929   427     4   178   525     9   534     8     7
     1   114     8   449   808     1   385   211     5
   330   163     9   840   758     6   510   937    10
   529   591     4    81   411     8   663   648     5
   971   342     4   721     6     5    82   154     2
   720   951     7   562   875     6   731   852     9
   224   683    10   703    71     9   340   243     1
   385    68    10   353   208     9   138   611    10
   156   382     3   155   527     5   604   990     4
   178   913     6   977   721     7   747   977    10
    83   149     4   295    48    10   333    85     5
   749   474     3   362   688     4    90   223     1
   536    91     2   500   272     4   818   568     7
   308   773     4   252   323     1   253   120     1
    32   743     8   982   978     9   462    58     4
   140   108     8   600   932     4   205   858     9
   196   644     2   508   707    10   587   711     8
    80   537     2   444   572    10   257   432    10
   988   814     4   613   426     2   654   734     2
   883   415     1   109   150     2   512   732     4
   473   899     1   144   266     5   394    74     1
   364   468     7   196   537     3   240   744     5
   215   490     8   973   754    10   208   869     7
   834   233     1   284   958     9   654   632    10
    15   745     6   398   893     8     5   467     5
   163   569     5   709   178     5   640   843     7
   272    61     7   144   353     5   658    72     4
   952   199     3   363    33     3   392   856    10
   317   132     8   943   463     5   759   647     9
   840   488     2   245   614     7   734   194     7
   643    16     5   535   860     5   284   409     4
   214   411     4   551    61     2   655   552     1
   405    58     6   283   419     2    64   843    10
   835     1    10   777   225     9   191   316     9
   735   772     3   196   747     3   174   635     2
   398   865     4   611   280     4    85   786     2
   916   708     3   598   619     7   123    70     3
   647   151     1   274   443     1   200   761    10
   784   400     2   299   249     2   788   324     3
   996    48     2   686   491    10   540   736    10
   466   123     8    55   391    10   226   911     4
   226    82     6   686   904     7    80   894     5
   659   782     3   744   353     7    89   879     3
   319   734     2   102   463     1   955   583     7
   307    86     7   141   122     4   383   522     5
   202   374     8   428   418     6    57   925     6
    11   729     5   302   707     3   255   940     6
   468   573     8   443   500     6   714   370     6
   214   655     4   718   906     5   306   791     2
   809   737     8   889    85     7    35   997     5
   302   506     7   519    27    10   349   866     8
   233    87     7   863   799     8   927   472     6
   431   771     9   174   122     9   366   418     1
   474   437     3   843   467    10    37   447    10
   689   841     6   304   364     5   203   225     4
   763   682     4   329   289    10   280   982     6
    16   731     4   269   230    10   164   653     3
    95   613     3   974   960     9     4    72     5
   595   603     1   542   188     6   147   455     1
   714   217     3   304    34     3   825    34     7
   603   819     5    18   219     6   772   940     7
   348   296     2    46   987     8     4   567     5
   115   741     7   564   353     2   535   176     6
   232   321     4   424    12     9   622   670     8
   450   989     4   188   276     2   929   162     2
    57   605     6   154    52     9   957   208     5
   685   344     3   651   796     2   665   943     9
   985   547     7   540   188     2   921   452     1
   617   793    10   532   432     2   833   858     6
    46   264    10   532   627     4   869   720     1
    40   512     5   137   457     5   501   529     1
   105   542     7   537   175     6   741   980     1
   596   662    10   579   861     5   446   933    10
   818   765     3   448   808     6   351   581     3
   267   663     1   764   768     5   248   724     5
   744   718     5   517   297     2   574   126     7
   967   595     9   342   474     1   223   111     3
   136   605     6   673   114     9    10   490     8
   592   337     4   808   823     8   651   252     6
   298   780     4   140   327     9   580   921    10
   556   129     3   407   657     8   888   948     3
   871   840     2   277   158     9    87   166     2
   458    89     5   639   707     2   834    33     7
   607   165     9   329   319     1   247   457     4
   622   334     5   130    34    10   607   535     6
   354   618     7   135   428    10   373   268     5
   847   875     8   817   483     1   295   690     3
   730   852     5   533   446     3   838   833     1
   139   413     3   628   641     6   998   124    10
   709   470     2   474   489     9   905    54     6
    79   831     2   857   100     4   707   189     2
   484   644     7   829   257     7   391   482     3
   166   129    10   403   768     3   490   764     5
   997   249     1   437   608     2   961   169     1
   118   779     8   368   389     4   469   552     4
   893   178    10    42   698     9   992   363     3
   213   656    10   247    19     6   397   432     3
   236   168    10   253   374     6   175   975     9
   698   252    10   530   877     4   335   989     8
    49   566     8   666   326    10   805   294     3
   814   254     2   815   143     8   659   954     8
    79    74     5   990   352     8   916   220     4
   213   492     7   656    89     2   257    85     7
   725   235     2   864   501    10   274   747    10
   112   105     8   354   262     9   686   908     2
   685   754     1   705   246     7   985   335     8
   684   805    10   906   247     4    74    37     3
   177   660     7   362   634     7    94   818     9
   921   479    10   604    51     5   489   416     4
   749   710     8   206   299     1   695   721     8
   507   783     3   763   880    10   526   850     8
   942   173     2   219   882     1   262   935     6
   786   479    10   221   787     3   781   857     8
    28   753     5   693   840     6   131    49     3
   785   184     5   627   195    10   928   752     3
   785   633     7   834   355     2   673   511     1
    86   748     9   145   257     2   795   585     1
   632   236     3   729   494     4    77   859     6
   571   588     9   259   442     1   750   431    10
    26   810     7    69    80     7   590   754     7
    29   878     5   302   248     9   971   282     9
   945   543     7   774   798     8   310   927     6
   329    64     3   777   837    10   346   698     4
  1000   945     2   957   802     8   530   930     5
   769   528     2   848   307     4   649   956     1
   805   191     7   783    45     3   808   266     3
   456   756     4   717   436     1   543   200     5
   964   868     2   446   171     6   897   397     3
   173   430    10   757    45     1   653   224     5
   435   662     3   840   255     9   314    96     3
   217   234     9   200     9     2   197   573     2
   862   659    10   350    25     3   575   883     8
   599   197     3   802   410     9   699   701     6
    76    13     7   931   310     3   643   210     4
   408   193     5   565   442     7   908   956     4
   581   379     9   772   230     4   750   959     7
    17   949     1   635   817     8   476   235     7
  1000   690    10   691   523     2   414   149     9
   189   257     5   712    43     2   596   857     4
    39   568     8   485   753     1   856   974     7
   128   773     9   572   101     3    69   644     3
   984   457     5   152   227     4   381   416     7
   846   672    10   850   860     3   890   799     6
   975   552     7   113    68     1   641   552     8
   591   653     8   362   127    10   862   566     9
    79   494     5   542   160     4   413   213     8
   638    32    10   899   626     5   162   560    10
    61   389     3   554   487     8   348   902     1
   748    84    10   458   161     5   745    79     9
   655   646     2   231   482     7   209   263     9
   890   211     4   432    18     1   449    17     3
    76   235     1   364   104     8   506   731     3
   456   814     6   478   398    10   406   964     2
    17   387     1   734   775     9   965    56     2
   373   657     2   117   950     9   580   908     9
   553   774     1   200   455    10   186   704    10
   873   163     1   287   276    10   658   662     7
   189   777     2   831   221     3   225   196     2
   543   440     2    27   761     1   827    69     5
   740   210     2   706   225     5   371   516     9
   839   745     8   790   394     2   611    74     8
   342   868     6   505   838     8   795   637     3
   224    14    10    97    38     1     3    28     9
   800   262     4   323   920     4   393   431     1
   163   188     9   459   378     2   261   159     3
   664   411     8   421   866     9   488   656     5
   806   796     4   240   148     3   530   942     1
    65   139     9   451   691     9   765   266    10
   756    83     5   191   116     1   733   494     7
   490   138     3   630   560     1   350   155     6
   255   278    10   265   245     6   846   813     8
   649   996     1   548   955     2    90   341     5
   709   721     3   487   331    10   432   292     2
   164   368     7   372   325    10   275   687     9
   597   617     8   337   640     3   291   176     9
   754   858     8   512   258     7   502   931     4
   602   649     7   328   988     4   189   418     4
   362   429     1   115   589     7   166   697     8
   635   286     8   393   298     7   957   126     3
   361   135     4   839   337     6    84   709    10
   532   312     7   668   853     1   900   282     7
   404   912     6   108   522     3   424   602     2
   257   380    10     2   310     8   926   802     1
   379    21     7   236   607    10   615   321     5
   250   186     6   919    72     6   351   187     5
   294   836     9   652   888    10   921   813     3
    16   665     2   103   921     4   443   476     4
   464   865     6   763   418     8   853   638     7
    42   779     1   448   134     9   486   575     8
    18    54     7   964   718     7   119   773     4
   579   699     1   894    46     3   997   287     8
    34   422     7    63   972     4   280    63     3
   365   638     8   635   723     2    48   126     2
    86    38     5   524   444     7   950   582     6
   966    83     5   247   923     1   792   863     4
   545   520     2   856   331     1   770   828     9
   806   609     9   609   534    10   901   150     5
   800   551     3   857   145     6   709   262     5
  1000   778     9   852   966     7   946   234     1
    38   793     4   894   485     8   114   485     9
   856   621     2   528   537     4   548   150     7
   593   460     1   587    44     7   213  1000     9
   448    11     1   912   136     1   570   443     4
   702   668    10   572   863     9   876   813     2
   844   401     4   522   576     7   588   983     9
   328   868     5   668   560     4   314    32     1
   354   269    10   449   492     9   468   789     2
    47   731     1   696    83     3   865   283     9
   405   862     4   937   550     6   890   429     5
   572   479     6    44   706     8   997   322     9
    60   677     4   685   666     1   541   273     7
   141   323    10    82   971     3   858   674    10
   312   600     3   329   773     5   528   641     7
   468   206     6   530   832     5   265   145     7
    18    22     7   392   111    10   889   171    10
   956   107     5   193   455     2   667   343     5
   228   811    10   500   556     4   848   260     3
   126   272     9   915   762     4   865   147     1
   753   151     4   256   467     9   728   647    10
    78   124     4    47   856     2   116   200     9
   585   525     4    66   981     6   987   207     6
   898   212     7   414   717     1   750   805     3
   206   414     4   339   714     7    48   690     5
   502    73     4   746   651    10   979   706     4
   887   947     5   794   520     1    16   951     6
   609   699     3   832   459     8   869   710     1
   909   382     8    35   405     2   184   768     9
   374   491     7   736   556     2   567   255     6
   711   958     3   772   950     9   958   128     2
   874   493     5   532   140     1   413   422     5
   173   590     9   756   447     9   874   145     2
   708   855     2   131   469     4    29   370     1
   841   124     9   975   263     2   110    72     8
   457   459     4   258   675    10    72   495     5
   566   998     2   170   338     1   285   957     1
   714    81     9    96   413     9   281   137     1
    99   481     6   737    64     1   405   981     5
   738   393     7   474   589     1    69   486     4
   651   704     9   440   237     7    12   195     8
   692   424     8   522   737     5   277   860     2
   140   349     7   665    65     1   196   470     4
   137   120     8   340   493     6   810   489    10
   356   516    10   812   668     6   668   694     3
   765   475     5   395   161     3   744   222     3
    37    97     5   154   273     8   675   120     2
   315   451    10   138   645     1   523    98     6
   665   187     3   924    16     4   963   104     3
   304   944     5   313   832     5   394   740     3
   964   410     7   572   688     1   826   414     3
   662   678     4   742   353     4   970   416     7
   997    64     3   253   517     2   878    27     3
   445   442     3    98   870     4   534   244     7
   420   297     6   855   875     1   232   634     7
   145   897     4   312   266     5   421   309    10
    53   550     7   935   540     9   766   308     4
   307   545     8   832   883     1   870   656     4
   309   726     1   184   600     9   597   560     7
   885    81     6   269   111     2   299   710     9
    43   788    10   871   704     8   279   316     2
   609   155     6   476   962     4   179   521     7
   809   723     3   281   575     1     4   228     1
   172   671     3   379   274     3   263   826     4
     5   317     9   245    21     2   968    85     9
   707   457     4   463   175     8   191   255     7
   896   258     9   234   499     6   727   441    10
   974   555     9   215   816     5    91   784     4
   543    53    10   501   569     6   312     9     9
   302   370     5   710   736     3   608   888     1
   968   120     4   683   422     7   192   347     5
   188   176     8   962   403     9    27   243     9
   545   345     7   128   771     3   712   662     9
   959   921     5   671    43     5   618   471    10
    88   995     1   518   964     6   351   415     3
   236   527     4   984   419     9   580   296     6
   945   336     7    42   866     2   800   149     3
   824   760     4    92   205     3   192   881     5
   717   544     3   849   937     3   446   411     6
   320    50    10   624    58     9    79   275    10
   634   348     7   710    82     2   963   691     1
    30   213     5   803   405     5   223   288     5
   804   153     8   534   455     5   412   769     3
   671    76     1   109   796     9   606   361     4
   770   143     8   257   399     7   398   106     9
   812   270     8    60   268     5   389   765     2
   783   295     8   844    90     7   586   259     6
   783   572     8   909   765     5   117   625     2
   905   540     9   388   357     7   658   536     8
   902   514     9   742   946     1   126   714    10
   942   416     5   928   414     7   394   389     6
   475   510     8   705   829     2   438    22     6
   354   293     1   923   506     7   779   747     5
   281   796     4   343   435     8   725   907     6
   885   870     1   129   887     7   744   495     2
   130   876     3   278   525     2   952   978     2
   838   751    10   502   104     4   931   198     4
   482   678     6   315   175     2   903   305     1
   214   208     6   683   144     8   672   627    10
   754   672     4   524   907     7  1000   968     8
   454   640     2    14   205    10   891   610     6
    66   641     2   427    79     4   536    93     9
    68   996     3   994   341     7   939   120     6
   493   535     4   848   179     9   744   132     5
   572   693     2   120   338     6   215   554     9
   276   402     4   202   828     7   868   885     7
   440   619     4   354   134     3   447   107     3
   983   703     9   395   394    10   446   226     7
   817   180     7   688   481     4   286   274     6
   903   247     5   536   629     4   636   211    10
   824   801     9   653   637     7   700   581     3
   919   830     2   850    87     3   280   289     8
   119   441    10   454   807     9   829   746     1
   468   728     5   764   865     2   373   211     3
   806   912     7   150   721     9   240   329     8
   539   520     6   770   196     6   918   178    10
   155   857     5   499   760     9   416   607     8
   719   906     2   835    34     4   155   949     3
   469   107     7   722   233     6   692   439     2
   651   597     7   774   519     7   646   139     9
   956    86     6   363   657     8   761   210     2
   445   611     9   775   110     8   405   250     2
   567   898     5   887   827     1   199   370     7
   235   427     3   621   880    10   532   130     2
   759   218     6   501   923     3   796   284     9
   984   783     8   200   388     9   466   328     3
   129    96     6   385   696     9   117   842     6
   829   933     5   537   478     6   558   141     5
   956   563     5   614   180     8   527   837     7
   572   323     2   462   659    10    50   613     4
   579   992     9   405   469     9    16   599    10
   168   537     8   332   627     5   337   335     9
   436   161     8     3   344     6   411   349     1
   854   376     4   835   369     6   734   279     4
    38    59     4   851   201     3   427   900     8
   666   236     4   381   627     7   585   567     1
   834   133     3   378   285     7   140   656     1
   999   190     9   424   594     5    15   419     1
   328    78     6   460   465     7   346   228     7
   943    76     1   416   448     3   651   761     6
   220   267     1   792   890     9   146   279     2
   743   718     2   680   150     3   315   559     5
   398   284     7   655    99     1   464   186     5
    25   367     3   889   718     4   236   747     1
   252   807     2   956   581     6   178   498     7
   858   355    10   505   127     6   254   474     1
   100   815    10   771   800     6    13    84     5
   969    52     2   351   451     9   637   981     3
   326   128     1   204   654     4   342    86     9
    58   410     4   812   861     8   553   413     3
   744     2    10   360   618     3   333   242     2
    33   335    10   266   485    10    54   738     5
   872   232     9   925   531     2   506    82     5
   608    61     3   365   693     8   316   175    10
    69   905     3   837   964     8   213   903     5
   579   373     3   201   327     4   168   131     5
     3   396     9   550   621     3   805   435     4
   368   705     2   632   631     8   258   341     6
   744   133     6   505   614     4   134   987     1
   244   559     2   792   129     4   601   380     3
   797    24     4    63   725     2   330   485     5
   792   987     1   650   309     7   567   461     4
   211   930    10    60   517     2   982   177     3
   833   439     8   946   590     8   588   222     5
   307   702     5    19   271     9    14   786     9
   316   170     4   213   301     9   286    86     7
   642   586     2   825   756     3   965   541     7
   758   132     7   379   142     1   699   958     7
   790   936     1   334   347     7   387   512     4
    52   576     4   783    89     9   963   127     1
   211   655     7   171   653     9   647   249     6
   604   790     6   207   238     8   697   371     1
   421    82     7    44   343     2   550   311     8
   414   818     3   481   606     5   358   421     7
   187   189     4   652   834     1   888   346     6
   483   876     1   286   122     4    25   702     3
   266   780     9   890   651     8    33   486     7
   538   460     4   411   337     2   766   776     8
   157   110     1   121   398     2   577    77     8
   891   814     2    56   500    10   800   546     5
   539   627     4   137   493     5   813   525     3
   707   210     1     7   105     3   382   983     6
   754   857     4   113   623    10   671   210    10
   770    34     8   583    63     5   834   263     9
    36    49     3   504   537     7   627   547     8
   576   166     2   286   875    10   515   814     8
   567   324     7   891   556    10   871    51     3
   804   794     5   412    98     7   786   183     7
   401   989     5   486   125     5   854   804     2
   270   990     1   584   593    10   526   621     7
   990   124     2   573    97     7   546   536     2
   437   872     5   425   234     4   524   849     3
   779   558     1   421    81     2   832   447    10
   911   452     8   510    83     7   773   275     1
   360   950     7   945   776     1    39   989     5
   876   120     7   793   862     8   724   802     4
   750   724     6   314   284     1   776   490     7
   285   619     6   955   837     8   736   101     2
   661   381     3    21   986     9   633   768     7
   749    21     1   263   999     1   727   173     9
   835   270     6   646   208     2   508   986     4
    84    65     6    88    52     4   366   106     2
   532   295    10   545   161     3   106   467     2
   423   696     4   387    10     8   399   992     6
   574   316    10   575   718     6   535   844     8
   333   683     6   502   103     9   904   258     6
   993   698     4   801   792     2   787   929     4
   317   268     6   841   333     7   489   436    10
   117   326     3   189   739     8   201   474     4
   615    51     3   434   904     7     2     3     7
   377    24     9   863   301     8   945   940     1
   988   110     8    80   623    10   460   848     7
   488   901     4   699    87     7   380   584    10
   108   253    10   104   154     5   242   421     8
   743     2     8   812   736     5   475   330    10
    45   102     8   232   299    10   549   138     2
   737   398     1   198   427     5   319   870     9
   503   992     9   732   657     7   717   409    10
   847   351     2   280   478     1   450   589     2
   826   599     5   360    22     7    60    49     7
   955   696     5   276   426     8   357   277     2
   724   283     8   139   658     2   742   478     7
   159   183     5    98   909     4   958   906     6
   830   664    10    76   783     7    19   724     6
   204   250     2   747   588     9   741   961     1
   944   270     6   242   627     6   179   206     2
    76   751     4   384   601     2   386   197     4
   634   625     6   700   635     6   273   230     4
   792   710     5   991   341     6   160   583     7
   994   654     6   864   710     2    78   155     3
   574   705     5   703   625     1   465   114     5
    17   188     5   633   956     5   925    86     6
   723   195     5   258   773     8   157   326     3
   159   436     6   385   854     7   506   399     8
   991   607    10   375    54     5   560   164     6
   247   491     5   852   647     1   272   145    10
   979    45     5   669   396     9   499   942     7
   624   429    10   732   938    10   287    48     5
   179   533     4   143   532     2   568   816     8
   462   136     2   580    70     4   104   795     9
   645   649     3   721   918     6   488   297     4
   524   129     4   904   523     1   889   976     7
    67   279     4   463   418     1   455   544     4
   675   978     7   165   764     4   794   386     4
   588   939     2   680    20     4   574    41     4
   653   847     3   728   613     1   479   105     1
   862   396     4    69   582     9     1    24     4
   433   151     7   584   277     5   844   842     9
   823   346     4   411   433    10   704   167     4
   362   617     7   198   357     9   136    14     4
   345   950     8   352   468     5   141   687    10
   473   545     5   956   491     1   919    26     1
   157   495    10   527   288     4   243   947     8
   803   506     9   925   256     3   750   587     9
   308   762     4   690   929     4   847   275    10
   822   891     7    49   793     6   378   714     9
   872   474     9   303    78     9   702   920     2
   352    79     3   740   458     6    99    96     9
   304   884    10   282    24     3   612   433     4
   618   182     8   547   924     7   368   782     3
   767   171     5   981    72     8    36   755    10
   454   421     1   975   187     9   281   205     9
   198   172     6   309   186     3    91   198     7
   255   979     3   150   300     1    43    19    10
   960   600     7   891   346     6   745   595     4
   950   278     8   690   491     9   678   495     4
    15   940     1   371   784     9   471   966     8
   101   978     2   421   557    10   648   897     6
   415   121    10   442   550     3   152   379     9
   801   367     6   116   319     8   264   237     7
   378   658    10    73   179     7   983   439     4
   666    26     8   358   915    10   385   679     7
   761   696     8   325   214     9    87   153     6
   575    76     9   352   355     8   742   322     7
   255   188     2   157   135     9    29   558     3
   393   774     3   302   946     5   295   911    10
   955   404     6   484   937     6   924   783     1
   575   876     8   556   163    10   869   813     3
   291   980     1   600   444     7   466   669     1
   773   598     4   155   328     4   910   852     3
   587   892     3    36   729    10   968   319    10
   487   483     5   111   645    10   756   964     1
   821   462     9   248   273     7   351   367     5
   715   936     1   577   352     7   322   832     6
   943   794     9   622   575     6   970   533     7
   315   743     6   680   640     2   876   437     9
   753   274     6   603   182     4   106   769     6
   635   455    10   457   904     9   455   295    10
   453   830     2    27   813     9    63   358     2
   393   548     1   756   224     7   287   669     1
   289   422     9   882   579     8   698   291     2
   743   391     8   544   542     5   663   949    10
   181   616     4   351   128     5   312   934     6
   710   609     4   580   714     1   898   949     2
   281   434    10   973   233     8   551   566     4
    66    82     3   500   606     7   282   785     3
   983   532     5   929   996     9   739   118     9
   767   326    10   827   106     7   808   957    10
   788   422     4   979   275     8    46   591     6
   918   482     1   355   967     1    11   620     2
   540   535     6   354   635     6   273   349     4
   939   427     3   749   214     7   308   733     2
   772   183     7   976   859     4   462   638    10
   189   697     1   552   492    10    25   489     2
   543   686     7   763   478     6   176   896     1
   686   555     2   290   300     9   507    96    10
   584   896     8   149   990     6    98   954     1
   499   330     4   659   886     9   688   873     7
   196   529     6   961   742     5   546   181     1
   506   553     5   574    21    10   204   189     3
    25   319     8   141   194     8   284   771     5
    25   764     4   318   519     9   311   884     1
   809   968    10    83   391     9    59   722     4
   484   193     7   713   189     6   709   448     3
   194   634     8   755   376     1    88   450     1
   580   462     7   939   107     4   485   359     3
   165    87     8   296   686     3   445   625     3
   598   214     1   547   215     6   645   220     5
    70   783     4   554   186     2   855   208     2
   980   837     9    14   296     7   345   821     5
   266   863     4   484   657     4   858   981     5
   476   717     6   379   966     2   602   937     6
   465   619     9    83   324     9   465   670     9
   950   480     2    71    57     8   648   589     6
   459   463     3   709   333     7   616   338     6
   247   556     3   430   867     7   788   550     9
   858   944    10    41    90     6    71   151     1
   777   903     5    82   197    10   374   118     4
   299    88     5   325   573     7   859   853     6
   270   289     3   977   613     1   620   225     8
   898   472     1   478   135     3   400   630     1
   246   742     2   337   194     9   961   991     5
   342   151     8   852   455    10   468   219     2
   704   622     3   586   680     8   691   376     6
   917   253     9    42   105     5   889   764     8
   726   102     7   255    52     5   735   724     4
   825   903     6   232   199     7   239   373     3
   619   926     3   986   565     6   748   501    10
   978   311     3   725   627    10   322   521     6
   147   501    10   728   236     2   776   925     5
    46   808     4   176   514     4   485    72     7
   577   540    10   499   487     5   934   266     4
   703   264     2   952   813     9   842   434     2
   853   835     9    68   782     1   942   924     8
   420   381     7   171   218     1   132   286     6
   462   974     3   567   403    10   766   228     8
   661   144     7   605    10     4   565   349     4
   575   790     8   646   271    10   280   793     7
   910    80     6   311   163     4   184   432     5
   749   649    10   370   684     4   514   188     4
   765   319     5   381   982     2   957   534     9
   458   492     3   235   537     2    95   682     7
   483   600     5   256   992     1   804   999     3
   744   690     3   363   878     1   836   197     8
   398   833     3    27   253     5   496   292     3
   871   144     3   578   755     5   535     3     1
    55   609     3   208   682     3   637   338     6
   540   883     2   666   522     1   974   740     2
   733   276     8    40   387     2   605   419     5
   903   703     2   538   655    10   237   614     3
   192   835     1   402   654     9   459   568     9
   611   671     4   479    53     6   466   732     9
   636   841     7   543   164     8   664   862    10
   416   850     3   306   933     5   158   397     9
   506   519     8   126   410    10   594   617     3
   981   804     6   531   271     4   190   124     9
   975   127     6   673   638     8   197   343    10
   641   731     6   727   208     5   527   518     4
   801   588    10    96    60     5   204   678     9
   821   866     2   969   519     1   651   649     8
   155   649     6   977    30     5   638   386     5
   702   156     4   241   686     8   779   975     7
   858   440     3   887    88     1   817   516     2
   712   418     4   132   314     3   413   323     3
   919   384     5   345   307    10   944   335     4
   412   628     6   655   829     9   392   259     8
   222   940     2   338   431     6   944   308     5
   744   294     8   542   573     2   524   638     5
   460   241     1   803   668     9   638   592    10
   213    49     8   801   135     1   599   307     5
    64   720     5    49   227     2   176   685    10
   506    53     2   646   163     6   149   231     8
   529   100     4   239   358    10   555   326     1
   422    94     4   929   263    10   856    90     2
   530   281     5   429   955     7   637   332     3
   788   481     5    11   163     8   342   209     2
   587   434    10   641   114     9   937   295     9
   795   759     8   562   543     9   428   950     5
   909   988     9   683   241     4   365   486     6
   764    65     4   559   191     1   376   133     7
   306   219     2   756   937     9   773   919     9
   974   729     2   787   738     3   317    73     5
   124   883     1   827   386     6   297   777     5
   358   750     9   138   100     4   942   235     7
   292   129     5   823   943     3   225   206     8
   287    15     1  1000   129     7   503   524     5
   932   579     2   450    39     6   798   555     6
   590    22     3   288   534     2   363   976     7
   441   650     9   289    14     8    87   181     8
   622   435     7   750   777     7   824   329     7
   772    89     5   661   840    10   553   791     6
   638   117     6   103   670     8    21   276    10
   503   665    10   519   316     7   725   825     6
   252   419     1   159   367     2   185   787     3
   302   559     6   467   123     6   310   274     4
   139   277     2   862   181     3   996   291     3
   365    36    10   449   213     8   699   720     7
   404   229     1   765   441    10   718   154     6
   603    79     7   780   520     9   313   571     7
   548   446     1   685   275     3   677   533     3
   249   530     8   227   391     6   815   175     2
   503   922     3   462   201     8   314   102     5
   127   237     9   171   965     7   716   462     6
   949   460    10   509   706     8    29   384     9
   963   671     4   822   320     3    32    12     4
   983   556     3   141   313     7    50   859     8
   313   195     9   362    31     6   194   593     4
   140   879     3   582    72     1   590   219     2
   967   516     7    10   280     9   110   924     5
   629   141     3    85   551     2   853   113    10
   486   985     6   793   130     2   849   812     5
   198   448     4   691   101     7   509    85     4
   918   540     6   287   567     7    20   786     5
   797   511     7   689   738     3   947   497     8
   530    96     3   840   910     5   170   502     2
   567   916     9   849    76     5   630   151     3
   260   511     4   393    16     1   765   688     1
   457   362     9   229   456     6   986   281     2
   819    20     3   249    82     6    17   483     7
   781    43     5   905   590     1   561   735    10
   987   954     7   592   713     3    37   293     3
   344   372     9   738   730     4   424   939     2
   606   900     1   288   668     4   347   921     9
    84    20     5   512   931     8   677   743     5
   502   333     3   392   114     1   306   538    10
   693   174     6   368   364     3   706   582     6
   999   404     8   717   113     9   390   134     4
   383   708     2   302   551     9   514   477     2
   642   665    10   625   723     5    43   567     4
   462   450     7   606   723     4   945    72     4
   240   845     3    61   895     5   536   597    10
   814    19    10   257   586     4   677   510     6
   930   119     8   574   740     9   616   160     7
   201   732     8   199   282     2   580   819    10
   966    25     7   657   385     8   632   965     3
   120   527     9   513   983     6   649    57     3
   565   940     9   677   293     1   636   989     2
   217   191     1   465    80     9   576   539     5
   683   645     1   620   213     6    48   637     1
   309   494     5   841   536     3   750   799    10
   813   793     9   473    44     2   953   965     7
   408    55     5   238    92     9   374   172     9
    81   548     3    35   236     5   795   726     4
   979   548     5    73   592     3   568   162     3
   621   240     1   920   541    10   341   822     8
   857   142     4   867   577     4   243   867     5
   252   575     7    87   643     5   191   338    10
    78   672    10    64   342     6   595   672     2
   390   919     1   594   588     2   985   720     1
   338   665     8   807   273     6   607   915     2
    89   550     7   577   246     6   675   151    10
   938    45     8   201   943     8   561   461     5
   231   108     3   727   462    10    97   850     2
   322   780     2   164   484     2   997   768     6
   328    80     3   256   322     7    12   980     6
    45   149     3   237   714     7   703   323     4
   695   204     3    28   350     2   565   525     5
    85   974     1   732   128     5   159   569     5
   881   415     8   627   477     4   205   428     2
   205   764     8   468   589     3   771   714     3
   601   128     4   914   759     7   630   986     6
   216   781     3   223    76     4   959   892     6
   627   944     9    65   979     4    68   301     1
     1   582     3   437   462     1   908   588     1
   636   339     4   362   407     5   108    25     2
   954   130     3   846   644     8   104   758     4
   685   159    10   455    35     8   116   624     3
   903   493     3   771   942     8   208   372    10
   211   980     1   587   776     4   990   119     5
   546   417     4   214    73     1   100   136     3
   388   876     5   279   735     3    11   438     7
   329   973     5   564   432     7   802   323     7
   882   180     4   483   878     2   637   189     7
   395   362     4   885   939     7   618   559     7
   359   964     5   123   242     3   299   732     1
    50   965     5   310   316     5   108    93     5
    37   679     2   206   874     8   686   647     4
   532   119     6   477   613    10   220   905     1
   309   640     6   482    26     8    95   641     7
   271   344     3   779   819     4   608   976     1
   751   829     5   211   565     9   928   235     4
    59   329     2    50   767     9    32   993     9
   675   306     4   840   293     1    53   310     6
   828   910     8   873   831     7   813   156     6
   592   425     8   126   866     6   694   689     9
   150   472     7   738   904     1   316   498     6
   490   500     7    15   265     2   575   493     8
   864   318     2   957   678     5   344   505     5
   711   391     5   228    87     5   831   273     4
   267   767     9   942   603     5    74   907     3
   558   537     7   396   886     5   772   470     5
   206     5     4   470   277     3   913   407     3
   117    12     4   482   509     4   374   171     8
   237   823     6   321   345    10    84   369     8
   410   957     4   624   903     9   679    83     6
   464   245     1   975   819     6   682   944    10
   822   950     9   134   926     6   635   154     1
   740    94     5   306   448    10   312   682     2
   125   683     3   926   929     4   210   556     2
   937   885     5   350   101     7   689   331     1
   738   422     4   230   541     5   169   306     5
    84   364     1   180   915     8   382   834    10
   934   967     9   963   388     6   529   675     9
    47   848     7   919    19     7   743   240     9
   544   986     8   850    81     9   623   878     2
   175    70     5   292   304     5   101   806     1
   930   587     7   299   839     8   940   985     8
   383    32     4   194    53     6   832   790     5
   322     1     9   867    20     6   156   360     2
   865   729     1   870   206    10   652   171     5
   911   434     9    30   761     5   445   233     1
   574   729     8   454   391     3   282   778    10
   929   134     7   953   415     9   414   829     4
   653   593     3   714   182    10   641    62     3
   105   159     8   590   867     8   171   178    10
   399   925     4   914   539     3   868   170     1
   453   672     4   685    21     9    36   617    10
    53   374     4   438   563     4   736    27    10
   765   610     1   708   601     2    41   784     4
   887   557     5   786   328     3   201   986     9
   424   671     3   131   552     9   439   710     5
   277    93    10   898   998     7   247   770    10
   683    55     5   324    37     9   355   593     4
   785   677     9   845    61     1   347   828     5
   250   417     9   571   152     5   259   481     2
   500   310     1   399   672     2   357   264     7
   147   978    10   104   185     4   578     7    10
   990   737     4   638   602     3   429   142     9
   236   518     9   987   741    10   424   226     8
   283   144     3    35   761     5   415   147     1
   442   877     4   259   651     8   733   243     4
    61   711     5   932   777     2   185   239     3
   666   327    10   500   709     7   689   335     4
    31    56     8   222   638    10   914   771    10
   214   488     3   795   132     6   927   851     4
   560   213     8   241   650     7   532   291     8
   650   514     9   293   431     7   950   798     7
   704   694     3   771   682    10   311   304     8
   548   539     3    34   508     4   667   648     5
   671   560    10   162   773     7   550   431     7
   493    49     1   407   137     5   734   904    10
   795   576     1   733   533     3   418   442     6
   314   624     9   393   129     9   556   947    10
   449   625     7   545   755     8   178   280     2
   396   611     9   322   308     2   797   324     9
   730   826     5   778   188     2   457   471     8
   198   233     1   848   720     7   127   655     4
   122   135     3   468   983     3   772   504     7
   543   979     5   782   135     5   920   933     6
   752   254     6   453   701    10   483   516     5
   134   391     3   187   341     8   130   313    10
   991   992     3   726   272     8   454   350     4
   570   192     1   223   587     1   256   444     5
   639   938     4   746   144     6   483   164     1
   965   762     9   881   834     9   263   932     2
   639   264     9   664   136     1   317   624    10
   558   488     1   409   849     4   213   837     4
   646   294     7   641    19     7   399   462     9
   699   379     1     5   754     2   775   513     1
   949   431     4   287   268     9   854   737     6
    66    62     2   782   508     3   928   114     3
   359   860    10   742   119     3    55   300     4
   467   235     8   676   148    10   617   832     9
   877   609     8   506    29     8   681   584     1
    57   672     9   497   960     6   464   737     1
   926   196     4   538   888     9   940    27     9
   207   628     3   818   505     5     1   367    10
   723   221     4   744   543     2   383   327     8
   256   192     6   478   323     5   189   719     3
   244   803     2   750   165     9    86   349     1
   271    61     6   968   481     2   657   170     7
   359   841     4   146   730     1   835   394     3
   573   163     2    75   794    10   740    62     7
   870   392     2   481    70     9    64   738     5
   225   916     5   920   372     2   635   952    10
    46   289     6   809    64     4   447   463     2
   756   609     6   621   676     3   846   448     4
   917   916     5   851   913     3   581   193     2
   583   422     3   151   254     9   524   528     8
   460    66     7   546   571     4   715   663     2
   385   815     8   794   538     5   825   558     8
    16   320     5     6   145    10   347   182    10
   356   676     1   421   256    10   471   801     1
   140   392     1   106   191     7   745   360     3
   945   267     2   387   915     4     6   711     6
   619   190     7   664   765     6   744   108    10
   953   250     7   523   393     9   425   288     9
   992   733     7   615   439     4    64   922     4
    32   424     3   469   581     7   579   718     6
   903   924     6   399   425     8   234   566     5
   154   987     4   736   461     3   283   372     2
   705   343     7   424   960     7   947   389     5
   227   839     6    71   580     9   653   697     1
   836    78     1   459   950    10   331   127     4
   546   886     6   247   627     3   718   782    10
   721   168     8    20   430     7   566   322     4
   585    26     9   312   472     8   791   837     7
   544   779     7   479   898     2   786    25     1
   258   309     2   437   162    10   534   554    10
   100    32     7   715   166     1   375   664     5
   825   493     2   729   765     5    14   294     3
   364   890     9   375   273     5   280   404     2
   394   239     7   490   596     9    77   831    10
   929   314     4   579    40     3   952   301     4
   604   984     8   870   641     6   534   936     7
   760   526    10   728   416     6   758   189     4
   830   164     8   153   728     1   909   545     4
   171    41     9   711   725     3   867   539     3
   835   741     9     7   769     1    59   332     9
   851   651     3   489    51    10   313   369     7
   101  1000     8   273   902     6   877   126     3
   460   805     7   250   551     8   979   892     3
   472   636     9   384   365     8   730   596     6
   808   273     3   425    39     8   544   659     3
    75   520     7   388   815     6   593   905     6
   479   214    10    41   277     4   655    93     6
   141   686     7   702   146     5   728   167     3
   977   498     1    36   224     2    72   570     9
   499   464     8   624   814     6   952   684     1
   521   353     9   697   213     7   479   471     4
   252   901     2   749   828     1   998   604     6
   264   340     6   670   257     5   615   449     3
   662    87     3   825   450     6   540   791     4
   688   501     2   965   285     4   759   882     6
   923   684     9   895   240     5   939   541     8
   133   353     4   319   895     9   151   890     8
   377   613     2   438   432     5   912   621     5
    78   102     1   228   998     9   174   963     3
   286   257     6   856   669     2   281   307     7
   385   126     2   376   413     4   163   955     9
   903   960     4   519   733     5     2   796     1
   218   577     3   982   620     6   780    17     3
    42   700     5    92    19     4   676   743     8
   624   530     6   984   651     9   287   105     6
   683   401     3   471   106     9   934   346     4
   909   412     3   195   331     4   744   527     5
   990   202     3   625   871     5   181   504     6
   721   973     8    88   146     6   497   964     6
   972   357     7   823   963     1   948   165     7
   418   322     8   108   215     9   157   914     4
   555   773     4   305   173     6    21   969     6
   425   187     3   852   940     3   776   486     6
   253   502     9   660   259     4   992    74     5
   489   837     2   684   809     9   276   161     3
   962   901     9   510   645     8   673   609    10
   254   343     6   731    83     2   501   651     6
   335   367     8   124   505     9   752   357     6
   566   173     4   544   897     8    31   618     4
   893    37     2   378   934     3     2   633     3
   430   238     8   342   650     1   871   177     3
   173   822     7   705   471     1   921   181     4
   874   678     3   445   301     6   733   471    10
   480   170    10   507   168     3    79   531     7
   617   525     4   892   292     9    55   198    10
   772   677     7   628   652     2   694    26     4
   939   678     6   722   831     3   834   579     7
   961   636     5    73   955     3   459    13     2
   880   332     1   820   712     6   439   553     4
   274   115     4   438   783     8   561   459     9
   614   485     1   446   150     4   493   975     6
   896   283     2   913   596     4   794   203     3
   824   236     2   688   828     9   192   961     2
   408   447    10   616   272     5    96     1     3
   299   380     3   544   537     2   493   463     7
   798   581     9   751   840     2    80   334    10
   354   808     2   231   629     6   576    51     9
   418   920     7   279   370     8   384   462     3
   649   312     4   205   255     9   751   136     4
   473    99     7   754   308     3   599    14     4
   631   951     1   885   204     9   514   575     2
   735   143     5   237   241     1   558   403     5
   775   366     5   360   212     7   501   200     8
   546    76     6   864   967     7   206    21     5
   111   985     5   280   543     2   526   465     6
   906   297     6   430    42     3   966   392     2
   678   359     8   161   723     7   742    64     6
   812   705     4   100   303     1   956    88     9
   352   664     4   935   664     2   248   920     7
   459   161     6    89   826     1   677   686     3
   299   797     2   916   751     8   822    18     9
   265   294     2   863    24     9   322   530     3
   134   826     3   601    83     3   991   988    10
   330   338     3   860   724     4   593   531     5
   902    53     5   919   140     2   997   468     5
   889   606     8   219   646    10   442   231     9
   473   710     9    50   746     1    78   154     1
   832    77     4   111   495     6   695   813     4
    50   393     5   452   346     6    69   114     1
   787   548     1   671    42    10   422   395     8
   562   666     2    96    27     4   537   951     5
   442   803     5   355   271     3   838   321     7
   285   758     9   520   396     8   809   132     7
    22   126     2   101   106     5   981   587     1
   923   707     5     8   667     3   181   615     7
   763   400     6   681   470     4   228   853     6
     1   518     7    95   576     3   971   618     8
   533   194     4    33   259     7   700   202     1
   382   501    10   576   105    10   290   402     8
    77    15     3    85   838     6    80   883     2
   125   989     9   169   108    10   251   991     3
   557   376     8   228   555     9   323   385     3
   158   308     9   494    66     9   501   793     1
    98   228     5   925   939     7    23   501     3
    59   375     3   937   111     9   546   812     2
   195   727     2   327    52     4    67   260     8
   960   435     1   770   579     7   352   910     9
   536   584     2   800   995     8   199    68     8
   486   882     2   469    12     1   943   922     4
    17   115     4   546   403     6   895   301     8
   405   768     8   611   974     4   378   913     6
   369    16     1   629   271     9   127   885     6
   161   987     4   774   623     3   914   998     1
   729   842     8   396   836     8   649   666     4
   403   398     5   554   585     3   570    24     7
    44   475     8   332   834    10    98   610    10
   313   381     1   891   545     8   626   711     7
   732   548     7   303   493     3   148   844     8
   683   631     8   172   879     9   146   934     8
   380   373     9   322   291     3   524   664     5
   472   934     3   954    28    10   410   150     5
   665   619     6    84   591     5   753   444     6
   204   538     6   835    33     5   281   617     3
   231   304     9   561   570     7   269   260     6
   661   249     1    13   463     4   133   902     2
   136    50     4   442   925     4   265    96     4
   717   803     8    71   832     1   589   156     1
   978   391    10   930   357     7   884   247     4
   913   416     4   519   657     4   152   715     1
   855   363     8   554   397     7   724   176     8
   816   431     8   224   597     8   535   529     7
   809   938     5   960    81     1   381   875     7
   727   890     5   165   201     6   785   917    10
   838   937     4   179   106     6   943   690     5
   406   841     1   429   910     8   315   627     9
   786   870     8   467   453     8    30   559     2
   508   871     5   112   504     5   375   825     4
    23   908     1   336   149     6   235   520     2
   621   269     6   560   519     5   740   717     9
   774   945     1   385   521     3   972   146     5
   952   189     1    89   196     6    10   437     9
   478    66     4   651   272     6   833   112     5
   189   235     2   808   492     5   400   521     3
   865   839     5   446   751     2   905   239     7
   953   227     6   987   379     6   433   956     5
   472   888     3   175   335     8   396   971     3
   677   789     9   756   624     4   335   873    10
   100   730     6   187   322     5   260   604     4
   299   900     3   569   989     3   573    74     9
   726   459     1   693   825     3   434   395     3
   155   207     6   373   831    10   882   613     1
   888   597    10   368   116     9   914   595     1
   197   172     7   705   648     1   338    57     9
    55   769     3   483   860    10   247   334     7
   876   777     7   940   581     3   753   946     1
   772   489     6   642   184     9   370   522     4
   530   846     5   719   804     3   618   974     8
   558   601     8   940   610     1   800   357     5
   177   426     8   795   832     3   344   387     6
   733   499     1   357   526     4   935     8     2
   629   122     3   851   144     4   962   871     5
   120    29     8   308   628    10   727   969    10
   843   803     6   157   900    10   278   252     6
   122   437     9   268   819     3   547   613     4
   281   769    10   143   648     1   373   858     9
   973   483     4   275   890     4   413   295     4
    26   695     1   397   439     3   560    74     4
   614   753     7   293   850     7   385   862     8
   746   459     6   930   798     2   522   325     8
   533   748     7   559   805     3   214   487     4
   676   794     1   434   508     3   861   895     3
   138   183     1    25   814     8   349   154     6
   781   205     5   880   115    10   149   104     8
   359   754     4   949   212     3   154   615     5
    53   191     7   114   163     1   781   214     7
   394   564     3   193   841     4   286   546     2
   651   341     4    28   441     5   643    65     8
   492   923     3   518   370     1   767   788     9
   246   252     2   700    37     6   821   706     5
   280   264     6   304   718     2   201   655     8
   796   159     4   454   444     2   538   912     3
   188   711    10   784   175     3   765   256     4
   367    80     6   110   504     1   241   476     4
   873   843     7   282   266     4    30   488     9
   539   492     7   356   110     9   312   241     1
    71   889     8   911   386     4   738   167     7
   466   598     7   300   926     3   234   897     3
   651   303     4   944   491     4   909   351     7
    31   934     7    58   915     6   325   491     6
   599   301     6   786   565    10   552   436     8
   839   919     1   524    58     5   226   348     8
   227   161     8   152   295     4   905   234     5
   251   281     4   835    52     9   585   274    10
   682   127     1   314   366     5   218   410     8
    10   177     6   591   616     6   473    58    10
   651   471     6   340   710     5   444   230     2
   634   431     9   843   579     5   557   686     4
   174   104     1   699   138     2   271   954     5
   649   493     1   214   157     5   606   943     5
   601   933     5   368   672    10   155   907     2
   134   288     1   583   787     8   992   423     9
   242   222     1   756     2     8   495   323     9
   662   303     8   480   388     3   911   391     3
   393   783     9   552    13     2   884   358     3
   299   768    10   890   292     1   176   288     7
   232   790     5    34   629     1   358   268     2
   353   888     1   561   291     3   756   403     9
   232   497     1   367   884     5   381   783     6
   627   900     2   206   779     6   160   367     5
   123   458     7   156   470     2   390   388     9
   243   876     8   683   525     3   146   628     5
   846   512     9   469   911     2   187    91     1
    34   757     5   403   174     5   793   407    10
   318   620     5   238   760     2   121   984     6
   381   836     6   229   753     7   882   573     9
   572   328     5   835   377     6   360   518     5
   452   128     5   767   352     7   216   771     9
   669   586     7   246   136     6   779    22     5
   810    29     4   540   775     1   269   411    10
   389   544     5   466   716     4   533   562     6
   479   149     1   816   507     7    54  1000     9
   959  1000     4   754   792     6   699   905     6
   233   366     8   162   239     5    97   773     5
   818   567     6   788   945    10   278    98     2
    43   197     3   663   140     3   700   771     3
   804   383    10   117   777     5   311   846     3
   748   354     2   198   263     1   500   578     5
   733   364    10   226   806    10   228   951     2
   434   898     3   995   923     1   400   834     9
   757   746     5   904   845     3   874   495     2
   822   554     3   378   821    10   120   570     5
   748   165    10   257   910     3    22    87     7
   350   746     6   307   356     7   615   932     4
   570   398     2   800   603     5   510   528     4
   240   952     5     3   894     7   147   662     9
   314   964     2   636   637     8   169   522     6
   690   530    10    73   762     5   188   377     8
   154   850     6   220   579     8   359   623     1
   719   688     6   308    29     1   868   631     5
   299   448     6   418   979     1   480   867     7
   340   790     2   864   223     2   448    32     1
   915   862     3    30    62     2   952   900     4
   691    64     4    64   184     3   981   387     4
   152   520     3   793    99     1   175   817     6
   219    38     6    38   121     2   946   989     5
   724   674     9   671   182    10   416   227     9
   474   683     7   524   798     7   935   693     1
   455   896     4   883   787     3   556   751     8
   420   426     6   975   336     4    42   148     6
   365   885     2   526    13     8   764   498     5
   751   739    10   284     9     2   121   552     8
   682   425     4   326   732     3   919   576     4
   946   153     8   985   633     9   624    92     2
   601    80     1   822   109     8     7   541    10
    74   567     4   974   224     7   691   495     8
   622   888     6    19   522     8   118   176     6
   277   196     9   169   805     9   546    86     1
   776    12     9   137   938     9   466   333     4
   853   565     1    70   436     7   478   897    10
   593    21     8   383   880     8   173   546     3
    17   243     9   593   573     9   714   566     4
   182   620     6   202    77     4   974   125     8
   838   534     1   697   606     6   710   803     5
   517   687    10   851   995     7   523   462     3
   380   204     4   403   342     5   864   985     7
   554   673    10   939   290     5   196   993     4
   951    62     9   141   116     5   330   888     5
   836   965     8   352    87     3   679   771     4
   531   633     3   278   480     2   750     8    10
   198   988     3   856   349     5   164    71     4
   743   695     8   684   924     1   369   669     4
   324   164     8    66   704     3   907   941     9
   529   416     9   148   248     4    16   523    10
    26   521     7   710   380     7   627    52     8
   124   589     5   231   706     4   344   704     9
   607   781     8   449   528     8   486   233     2
   850   933     7   280   987     9   712   850     8
   335   153     1   370    79     1   809   642     2
   535   324     1   208   321     7   139   634     9
    88   288     3   777   775     9   907   221     9
   629   714     1   774   905     2   522   747     1
   855   282     1   709   382     1   877   919     4
   946   847     7   390   164    10   110   153     8
   182   325     9   748   406     3   876   337     4
   267   854     5   876   312     5   977   965     6
   120   209     1   125   948     9   793   544     5
   278   904     6   455   608     7   924   389     6
   267   309     1   673   528     9   386   133     8
   312   534     8   470   299     4   984   411     7
   147   261     5   349   546     5   640   619     5
   772   802     5   328   730     5   106   835     7
   849   320     2   547    97     8   983   702     5
   802   211     6   808   720     4   884   788    10
   193   644     6   823   317     2   462   432     5
   973   340     8   127   749     2    13    37     1
    60   127     4   186   419    10   117   408     5
    46   618     4   535   700     5   723   491     9
   698   750     6   853    16     9    51   277     1
   643   579    10   494   804     3   343   908     7
    38   238     5   478   859     1   188   601    10
   985   998     9   192   666     6   318    68    10
   792   184     5   391   559     7   140   578     9
   478   125     8   236   171     1   142   487     7
    28    29     9   475   213     3   220   523     7
   601   475     2   764   676     9   307   757     1
   636   183     3   178   307     2   377   251     2
   496   681     5   120   277     3   992   745     2
   726   196     1   905    38     6   908   948     4
   547   313     3   923   808     2    82   161     3
   590   108     6    92   576     4   417   709     1
   411   982     8   382   552     4   760   639     3
    35   320     8   370   854     2   536    62    10
   303   843     5   623   996     4   857   254     4
   533   965     9   772   481    10   782   196    10
   298    82     8   226   960     7   390   174     1
   856   864     9   791   134     3   237    47     7
   383     8     9   406   359     9   926   821    10
   364   566     8   706   105     7   406   715     9
   574   643     6   623   517     3   388   681     4
   985   698     5   414   618     7   828   542     4
   242   662     3   369   562     2   406   134     9
   384   709     4   611   157     6   566   151     3
   970    75     4   413   200     4   757   597     4
  1000   278    10    50   970    10   680   272     3
   848   892     8   742   216     8   306   980     6
   288   807     3  1000   582     6    25   541     5
   791   347     7   169    12    10   368   676     3
   474   232     3    23   172     6   334   432     3
   446   799     5   905   326     7   325   903     2
   267   622     9   822   528    10   884   877    10
   829   339     6   137   294     4   973   646     2
   542   688     9    82   418     6   359   336    10
   226   771     3   825   129     4   581   218     1
   130   108     6   549   718     7   584   202     9
   917   750     7   494   389     1   158   531     3
   216   324     5   935    39     4   222    92     6
   293   717     7   185   632     3   149    92     1
     9   638    10   382   537     9   463   955     2
   351   222     2   802   135     7   168     5     3
   439   593     7   369   540     9   459   821     9
   406   690     6   175   956     7   891   493     9
   950   844     4   832   210     5   602   557     3
   711    63     8   835   135     7   524   132    10
   454   816     2   916   434     1   441   324     8
   602   365     1   558   678     2   460   874    10
   481   116     5   361   668     2   537   512     9
   650   803     3   165   860     8    72   376     5
   922    30     7   744   845     1   707   692     4
   653   326     6    89   897     4   902   318    10
   354   368     4   154    11    10   452   116     6
   849   804     9    89   539     9   688   544     8
   404   500     2   982   594     5   516   756     3
   217    29     7   847   429     6   899   618     2
   749   743    10   393   768     7    93   591     2
   584   876     2   930   729     6   215     4     5
   250   693    10   568   108     6   707   874    10
   393   482     7   784   408     4    35   317     8
   634    46     3   766   181    10   200   903     1
   383   477     5   825   900     9   471   647     9
   673   995     3   354   529    10   391   235     4
   317   550     2   620   307     7   635   706     8
   785   930     1   732   226     9   844   270    10
   944   879    10   496   708     9    65   450     3
    95   999     7   279   715     1   973   995     3
   846   425    10   212   975     4   645   438     5
   492   879     8   495   989     7   103   236     7
    33   877     5   657   123     6   218   120     4
    97   412     9   213   712     4   423   230     8
   112   484     2   429   396     9   656   498     8
   956   636     9   739   806     5   340   178     3
   573   755     3   369   868     6   930    42     2
   452   997     4   992   396     4   594   490     6
   898   488     5   227   706     2   598   728     4
   565    27     4   797    66     7   692   121     9
   626   544     9   816   162     6   799   948     7
   765   126     8   719   337     2   800   976     6
   244   575     8   808   103     8   378   284     9
    14    41    10   735   195     3   191   844     3
   321   332     4   410   713     5   941   196     5
    83   955     6   216   381     9   102   401     6
   816   155     8    55   891    10   669   230     5
   165   879     9   655   392    10    84   680     7
   188    73     2   907   956    10   772   544     4
    25   620     4   282   801     9    75   239     5
   390   673     5    29   946     4   940   328     8
   953   500     2   527   856     1   114   546     4
   473   721     5   369   202     7    59   577    10
    38   179     2   611    58     4   897    35     6
    73   965     4    26   333     5   348    77     7
   715   304     6   876   384     1   352   951     7
   555   448     7   467   142    10   909   935     6
    81    27    10   332   466     2   174   378     1
   200   475     9   350   221     5   466   311     2
   462    34     2   191   632     3   672   257     1
   601   149     6   273   769     9   879   636     8
   357    10     5   289    45     7   122   594     4
    34   235     4   289   949     5   704   591     6
   181   242     2   838   556     6   561   577     5
   484   929     2   130   551     8     7   776     4
    36   477    10   589   498     1   180   973     1
   548   179     9   244   403     2    90   239     7
   662   199    10    20   552    10   319   627    10
   358   433     9   304   162     4   451   873     3
   504   339     5   470   769     6    54   209     4
   637   918     5   449    41     8   325    37    10
   653   798     1    74   818     2   894    76     1
   787    21     2   382   128     9   541   933    10
   721   998     8   413   332     1   185   184     7
   681   915     7   750   621     3   398   152     8
   217   774     5   758   694     8   508   199     1
    65   860     2   523   356     4   935   849     6
   631    35     1   747   610     1   615   535     5
   658   644     4   172   570     1   588   769    10
   142   744     1   327   545     1    31   905     6
   379   306     7   314   104     2   874   768     9
   875   155     6   184   492    10   273   191    10
    26   854     1   413   852     5   406   253     2
   136   308     7   952   274     8   811   795     6
   942   249     4   982   892     2   303   145     7
   610   835     2    27   791     8   761   372     6
   902   238     7   973   568     6   651   414     2
    79   845     2   853   346     3   769    88     5
   642   829     3   320   391     9   765   650     7
   233   848     4   555   601     5   871   117     9
    81    48     6   283   237     2   653   981     8
   662   718     2   898   392     7   342   383     9
    26   391     5   246   483     9   853   410     1
   496   482     8   214    38     6   694   618     5
   874   919     1   403   903    10   597   705     2
   171   961     4   169   924     3   526   675     8
   996   901     5   850   769     5   759   728     2
   421   572     1   965   104     9   411   295     2
   937   481     1   126   715     8   463   941     9
   515    38     9   929   221    10   745   977     3
   241   670     2   121   624     2   223   733     8
   290   884    10   194   660     4   171   492    10
   733   118     7   518   356     8   157   622     4
   930   363     4   310   392     6   185   589     4
   475   615     6    33   655     7   980   325     2
   690   433     5   871   467     2   263   772     9
   360   907     9   973   404     5   685   763    10
   130   823    10   549    13     1   745   494     8
   665   207    10   814   706     4   672   848     3
   256   445     4   906   677     7    57   560     7
   429   616     3   932   200     6    43    42     8
   497   749     8   255   394     7    79   737     3
   768   553     9    42   529     5    11   571    10
   669   214     8   616   983     4   622   206     3
   857   445     9   861   650     2   688   466     4
   488   390     2   722   842     6   669   801     2
   641   922     9   660   384     8   597   197     2
    79   367     1   493    60     7   848   762     8
   880   608     2   455   363     4   194   985     1
   700   107     9   998   397     8   186   977     7
   799   626     1   437    87     6   123   990     6
    87   273     2   698   328     8   512   618     4
   485    63     2   996   962     5   619   516     7
   711   749     3   865   254     4   261   355     1
   893    91     6   141   808     7   302    91     6
   643   707     6   314   867     7   590   883     6
   885   695     2   363    42     1   316   809     9
    29   133    10   341   954    10   215    88    10
   309   808     6   542    75     7   563   210     7
   656   492     4   977   364     8   883   640     7
   493   635     8   318   295     6   936   673     2
   440   494     3   157   572     8   434   835    10
   156   423    10   892   199     3   918   938     9
    54   766     7   294   123     5   611    12     5
   163   501     5   820   250     7   105   318     5
   307   328     1    27   507     2   290   396     7
   210   710     5    44   450     8   952   855     3
   818   722    10   936   462    10    56   938     4
   978   148     9   594   198     5   186    63     7
   358   352     2   756   603     1   294    82     9
    74   617     7   749   858    10   308   849     2
   901   619     8    34   940     6   577   499     8
   496   745     4   176   406     8   147   292     3
   924   226     5   334   292    10   158   664     5
    93   566     2    38    65     9   263    56     4
   564   626     8   421   303     5   605   788    10
   979   635     4   355   772     6   863   850     3
   383   312     9   534   854     5   533   231     6
   377   604     4   353    71     5   299   892     2
   117   217     4   631    23     1   454   436    10
   897   664    10   879   285     1   545   314     3
   238   647     8   147   700     7   601   890     7
   814   841     5   257   307    10   608   737     6
   502   262     1   440   388     8    26   795     5
   428   148     6   662   158     9   134   824     2
    52   908     8   782   261     1   513   166     1
   548   938     7   295    95     8   860   521     7
   540   774     2   211   555     6   773   286     3
   745   587     8    75   623     5   943   252     1
   515   704     3   671   876     1   436   615     1
   632   447     5   100   196     6   532   185     2
   514   711     9   279   181     8   417   409     3
   645   970     9   475   482     5    68   158     1
   522   124     7   776   218     9   397    90     8
   235   364     5   517   849     8   549   851     6
   722   189     2   154   740     9   845   417     8
   208   963     8   557   311     7   409   787     8
   376   167     3   204   263     5   318   909     9
   619   659     9   855   987     5   501   719     1
   447   191    10   304   229     7   971   888     9
   337    58     6   241   997     2   550   973     9
   235   375     8   378   444    10   756   760     5
   182   380     1   523   958     8   822   900     5
   812   460    10   696   229     1   329   900     1
   711    14     4   872   502     4   461   791     8
   156   658     2    55   828     8   778   790     7
   338    85     1   971   250    10   760   851    10
   552   503     6   741   238     1   989   474     8
   921   616     5   667    44     4   564   155     3
   376     7    10   749   588     8   103   581     4
   642   735     4   554    62     9   203   356     6
    53   866     1   649   265     9   919   509     8
   644   500    10   350   615     9   359   104     2
   891    65    10   229   351     4   509   571     5
   757    86     4   705   839     5   332   649    10
   916   992     6   143   897     6   223   815     7
   223   127     8   207   454     4   363    14     6
   880   866     2   280   967     7   529   488     4
   895   413     5   820   842     8     8   265     5
   505   165     5   517   203     7   955   928     9
   329   987     6   557   877    10   638   658     4
   461   658     5   611   771     3   529   495     9
   572   753     2   900   468     5   558   469     2
   820   821     4   239   868     4    89   796     9
   934   589     3   787   404    10   133   110     1
   315   191     8   579   578     6   169   287     3
   303   518     6   940   652     9   693   245     2
   404   920     7   516    88     8
