            1
         1000        5000         167 486
     562      81     914     940     301     876     393      94     566     989
     611      49     837     979     919     126      78       5     999     807
     765     593     461     371     260     195     289     268     816     733
     839     120      51     835     213     389     977     599     435     173
     506     348      79     416     631       8     617     518     384      72
     658     862     896     969     390     253     343     794     804      35
     462     754      15      74     430     256     534      16     616     728
     394     993      76     745      68     802     258     609     502     868
     957     409     445     148     210     844     408      44     163     686
     143     739     683     725     218     488     357     448     271     266
     682     699     740     727     962     100     521     149     317      83
     673     227       9     245     117     194     587     190     908     621
     671     891     638     279     523     548     680     527     874     182
     836     212     339     929     934     744     924     581     905     419
     651     403     537       3      29     748     972     490     388     455
     930     243     241     515     672     869     701      37     857     935
     709     536     982     959     497     369     577
      26      74      97      45      32      65      47      54      78      86
      57      74      85      88      24      11      93       4      71      79
       4      50      23      41      51      65      84      33      97      29
      59      53      94      33      70      73       8      55      24      18
      29      16      79      74      12      63      94      34      43      58
      33      15      56      92      74      74       8      66      86      62
      55      26      63       9      19      23      77      19      22      72
      34      69      70      97      66      71      34      77      97      75
      97       6      63       3      16      93      41      59      11      88
      43      62      50       4      75      39      66      85      47       3
       4      28       1      81      76      61      39      77      84      84
      90      66      27      34       3      31      33      80      43      10
      68      41      98      68      91       5      61       6      56      80
      69      93       6      43      88      93      45      59      16      99
      58      49      82       1       7      30       6      65      17      98
       1      14       2      98      24      88      50      37      92      41
      78      25      37      26      38      23      42
   222   816     5   525   816     9   667   525     1
   849   667     8   525   471     3   849   205     3
   889   471     6    16   816     5    16   390     1
   280   667     5   540   525    10   540   878     4
   849    50     4    32   222     5   849   708     9
   525   734     8   819    16     2   889   848     3
   848    64     9   956    64     8   948   222     4
   816   428     2   696   734     4   734   210     3
   280   803     8   696   538     1   538   386     4
   354   280     9   276   819     8   541   816     1
   326   541     8   418    64     4   464   538     1
   878   938    10   878   564     5   418   130    10
   333   471     7   816   426     7   956   756     5
   816   551     2   616   276    10   661   541     8
   901   756    10   878   686     2   708   743    10
   661   400     1   471    89     4    89    10     3
   956   313     5    59   551     7   819   357     5
   356   428     5   395   734     2   126   878     6
   816    26     2   938   201     4   686   215     8
   237   333     9   694   525     2   526   237     5
   677   667     1    32   135     7   502   395     4
   366   551     7   134   540    10   734   989     3
   419   280     4    84   743    10   428   683     4
   276   264     8   326   408     2   319   395     5
   817   280    10   370   901     5    84   790     5
   961   683     8   881   743     9   557    84     9
   540   970     2   557   367     3   357   799     5
   326   191     7   126   988     4   799   106     6
   694   148     1   616   504     5   686   863     2
   677   874     3   150   557     6   326   967    10
   419   865     1    26   607     6   599   148     9
   708   446     7   557   774    10   326   159     2
   314   881     4   987    16     5   468   314     1
   180   686     1   158   191     7   824   446     7
   418   887     6   126   269     8    84    69     2
   428   160     3   797   961     2   159   749     4
   734   284     7   525   876     6   631   418     9
   616   472     1   541     2     1   421   538     7
   134   861     7   646   774     4   848   562     5
   150   977    10   548   205     7   541   194     6
   548   303     9   607    51     5   616   768     8
   790   528     4   264   508     6   889   254     3
   210   937     2   276   610     5   824   641     7
   382   977     5   876   729     7   924   468     4
   924   530     9   464   509     7   216   201     7
   504   275     1   658   989     1   333   958     6
   393   148     3   328   970     2   222   800    10
   816   917     5   314   833     5   395   261     3
   788   502     9   158   378     1   297   194     6
   113   774     3   968   313     7   984   158     4
   540   628     2   378   852     8    50   596     1
   290   667    10   995   683     1    16   279     7
   239   548     3   254   142     8   528   423     1
   232   148    10   228   917     5   504   248     7
   567   968    10   692   878     3   448   222     4
   927   557     5   734   153     4   635   774     3
   862   426     4   661   171     4   180   809     8
   504   892     5   653   357     2   887   872     9
   905   418     4   934   661     3   798   816     9
    70   889     1   889    76     2    89   119     5
   357   165     5   319   272     4   165   759     7
   298   261     3   279   145     7    94   628     5
   135   235     8   746   759     8   297   324     3
   635   957     4   213   961     7   290   655     2
   517    84     3   566   517     3   438   471     4
    40   438     6    61   833     9   538   431     7
   934    91     6   765   235     7   814   390    10
   158   575     4   215   663     1   166   239     3
   682   848     3   945   159     5   378   572     3
   150   864     4   696    38     1   275   156    10
   812   819     8   784   682     2   994   852     7
   824   703     8   113   396     1   435   551     1
   159   932     6   370   137     2   413   852     4
   169   540     3   279   582     6   478   635     2
    59   545     6   809   463     9   324   632     5
   983   878     1   396   373     2   763   599     3
   575   964     4   202    51     1   275   140     5
   150   847     1   987   118     3   214   968     3
   745   987     2   214   715     3    12   861     6
   699   696     7   658    17     4   165   499     7
     3   677    10   548   417     1   370   979     2
   362   847     3   446   289     1   906   798    10
   906    21     6   856   655    10   437   153     7
   664   788     1   369   599     7   423   771     1
   881   714     9   358   205     1   279   105     4
   655   110     5   396   926     5   646    52     9
   385   214     2   370    60     4   429   682     5
   177   865     9   759    43     2   423   186     8
   605   995     7    98   664     9   791   663     4
   144   938     7   284   993     7   504   550     7
   885   566     4   500   824     9    16   125     6
   985   759     1   990    89     9   101   917     2
    48    84     1   994   453     4   855   989     7
   119   266     8   298   249     2   289   312     2
   180   679     2   474   729     5   835   110    10
   464   893     2   800   758     6   696   493     1
   485   232     6   622   313    10   742   758     4
   707   990     1   258   881     5   101   786     8
   735   956     7   948   339     4   679   638     1
   324   839     7   174   661     9   767   970     4
    85   314     5    83   169     9   677    71    10
   187   616     8   490    91     8   510   101     1
   855   377     2   893   480     4   658   944     3
   119   167     3   539   280     9   490   329     1
   906   558     1   631   617     4   812   304    10
   277     2     7   281   889     5   779   471     2
   101   811     9   779   543     2   110   914    10
   914   402     3   487    21     6   179   749     9
   749   338     5   847   762    10   444   373     8
   857   303    10   179   563     8   169   739     4
   805    59     8   945    82     9   768   884     4
   234   938     9   767   636     8   417     1     3
   964    81    10     9   145     7   321   528    10
   440   856     1   545   359     7   997   438     2
   898   968     9   833   287     3   599   738     8
   855   445     3   991   423     7   564   285     3
   119   859     7   498   646     2   735   998     6
   398   357     1   639   995    10   629    59     7
   931   395     7   635    72     9   481   313     4
   779     4     9   269     7     5   496   438     8
   106   611     8   568   177     9   842   400     1
   371   956     5   299   165     6   298   524     5
   122   661     6   916    98     3   369   929     5
   967   300     6   812   678     9   116   964     3
    61   392     8   684   641     3   302   638    10
   762   380     2   338   252     2   535   202     4
   297   882     3   648    38     6   597   356     3
   569   817    10   584   191     7    86   749     7
   457   557     2   454   803     4    86   612     8
   208   543     4   120   628     9   105   456    10
   673   453     8   537   664     8   222   823     2
   283    51     8   480   946     7   434   763     9
   395   726     9   636   972     4   977   813     3
   680   490     7   842   750     6   142   556     4
   750   163     4   106   306     2   519   471     3
   686    99     8   811   305     6   902   235     8
   603   628     4   614   167     2   610   928     5
   443   396     5   232   586     7   598   537     5
     7   747     5   794   967     6   232   969     6
   618   239     8   171   706     6   989   832     3
   233   629     6   114   791     9   526   132     9
   955   703    10   512   508     4   301   856     4
   732   248    10   327   275     1   194   591    10
    24   663     1   832   251    10   539   903     3
   149   811     7   610   365     7   737   813    10
   628   594    10   620   126     2   251   579     9
    13   289     3     7   200    10   648   451     4
   681   759     4   165   349     4   886   569     9
   913   373     2   499   121     1   867   304     4
   602   594     3   690    70     8   955   115     1
    62   160     4   106   107     2   769   681     2
   458   142     1   408   555     5   348   496     8
   208   475    10   544   617     4   979   727     5
   971   327     3   879   528     2   404   823     2
   813   469     6   412   961     4   859   447    10
   915   955     2    43   772     8   971   450     4
   667   409     9   840   566     8   836   365     2
   437     8    10   456   316    10   513   539     4
   557   212     5   958    25     7   872   895     5
   733   555     5   386   904     8   243   811     9
   147   413    10   277   262     9   448   403    10
   700   386     4   277   170    10   851   378     7
   470   548    10   818   759     5   545    49     2
   974   612     2    90   893     9   606   605     1
   508   308     2   595   977     6   236   349     8
   860    64     3   943   648     4   839   226     2
   599   577     3   345   851     2   230   603     6
   194   503     4   207   222     2   554   297     6
    91   601     1   747   274     6   676   451     5
   939   243     9   671   158     4   514   171     2
   564   785     5   142   397     5   464    57     8
   900   490     2   649   367     8   323   678     4
   682    74    10   225    16     2   136   584     7
   788   224     4   623   762     1    22   577     5
   156   950     3   981   502     9   385   780    10
   298   484     7   395   260     2   993   183     2
   999   423     8   455   970     5   593   233     8
   586   693     5   427   824     3   594   353     9
   699   625    10   235   157     9   352   727     4
   203   290    10   781   205     6   502   342     3
   624   767     6   119   100     1   609   261     2
   313   752     7   681   414     6   822   924     9
   138   235     6   853   991     2   559   435     4
   285   218     5    35   230     6   636   753     1
   385   433    10   478   627     7   339   155     3
   394   979     4   580   370     5   644   224     4
   549   443     5   901   578     1   302   108     7
   787   126     7    66   158     6   582   642    10
   462   727     4   974   178     2   130   143     2
     4   311     7   395   843    10   376   948     6
   837   629     5   398   546     8   252   933     1
    68   738     5   757   378    10   534   403     3
   123   812     2   235   922     2   375   434     3
   701   569    10   323   783     7   100   346     6
   362    67     6   980   931     4   634   375     2
   574   508     8    69   992     4   176   733     1
   892    95     5   679   407     7   266   870     8
   364   994     6   504   589     7   491   797     2
   302    11    10    66   103     5   139   769     3
   698   358     7    77   984     2   828    72     6
    60   869     8   353   127     8   854   373     6
   850   470     9   557   827     5   330    38     8
   424   906     6   118   808     9   587   311     8
   861   221     8   808   592     6   640   370     7
   386   894     4   945   387     1   740   878     8
   681   561    10   440   483     1   724   768     8
   218   506     1   655    33     2   441   848     5
   805    88     4   427   973     8   611   581     6
   411   562     5   187   184     1   195   226     5
   420   715     4   958   633     8   806    62     1
    44   768     7   899   380     3   751    77     6
   551   192     9   516   707     5    20   578     4
   580   344     6   126   795    10   120   430     8
   603   343     3   959   398     6   662   631     5
   341   768     8   541   415     5   812   286    10
    18   314     6   730   616     9   536   149     6
   340   822     5   730   193     7    75   319    10
   752   583     7   460   450     9   340   801    10
   852   384     7   670   440     5   820   281     4
   413   112     6   659   126     6    95   442     7
   347   580     4   308   844     5   225   656     8
   946   660     3   391   142     5   916   542     5
   157   523     8   725   673     3   766   304     4
   736   147     8    29   738     5   309    25     2
   888   753     9   763   271     8   634   717     6
   695   462     7   508   246    10   256   567     2
   293   462     9   841   340     9   363   301     2
    93   946     4   360   995     1   870   777     1
   982     8     4   939   527     4   920   274     2
   579   164     8   582   691     6    62   775     2
   109   542    10   400   466     4    27   950     4
   755     1    10   790   891     8   120   792    10
   585   994     7   423   489     1   718   755     1
   200   152     3   815   516     1   539   963     7
   188    75     7   697   256     6   285   716     3
    81    78     2   668   215     7   755    36     3
   452   305     4   224   117     1   719   799     9
   133   724     9   383   597     7   801   910     8
   259   534    10   161   822     1   865   560     2
   296   944     5   241   632     8   688   338     4
   521   252     4   685   575     1   355   768     6
   953   248     8   139   104    10   507   143     9
   904   689     7   782   348     5   702   752     7
   175   899     7    96   991     8    26   124     1
   389   195    10    32   172     6   182   550     2
   626   535    10   954   644     2   861   494     5
    90   372     1   501   855     6   229   811     7
   605   710     5   367   189     3   833   834     7
   174   776     2   282   938     6   527   497     5
   102   404     5   361   689     9    34   264     6
   511   504     1   986   906     7   742     6     2
    72   351     4   302   793     5   803   529     9
     8    14    10   552   939    10   194   533     9
   608   670     7   904   492    10   533   619     1
   588   743     4   276   473    10   482   860    10
   339   185     2   318   330     7   263   987     9
   976   750     7    83   245     7   170   760     3
   907   724     5    63   456    10   774    41     9
   258   731     3   858   380     2   897   191     3
   532   516     5   996   717     7    40   669     6
   428   590     4   857    45     4   190    11    10
   350    51    10   821   502     2   117   712     6
    54   316     6   122   273    10   537   247    10
   238   817     3   311   672     5   325    81     5
   129   271     4   912   156     4    18   307     1
   777   936     4   125   845     4   572   317     8
   609   880     8   522   499     5   651   638    10
   600   434     9   153   479    10   231   580     6
   711   176     6    37   157     3    40   890     4
   211   462     9   217   538     6   765   654     1
   533   919     6   451   199     3   789   269     3
   667   921     3    82   652     1   209    52    10
   111   755     6   930   649     8   105    80     7
   183   960     6   327   173     5   422   243     4
   949    68     2   365   871     3   573   991     3
   220   402    10   966   259     3   607   565     3
   329   331     6   723   792     3   725    31     1
   555   196     6   886   334     8   578   621    10
    19     7     3   843   416     7   507   294     1
   424   941     7   832   761     6   283   630     9
   946   713     8   388   719    10   598    46     9
    92   691     7   586   978     9   588   335     8
    66   515     1   909   172     5    16   265     4
   413   461    10   958    15     3   657   396     8
   741   164     9   636   838     5   168   642     5
   940   617     4    39   938     5   786   744     7
   810   109     1   507   935     1   541   666     5
   944    53     4   204   554     4   451   951     3
   877   262     1   394   896    10   804   798     3
   477   285     5   410   540     7   553   472    10
   615   702     1   743   505    10   985   292     7
   975    93     1   674   841     3   715   154     6
   532   722     7    88     5    10   883   254     7
   379   167     6   266    30    10   700   720     6
   570   589     3   609   925     6   408   146     9
   258   219     3   368   161     5   756   650     7
   965   976     4   322   813     2    90   518     9
   952   925     1   886   197     7   613   355     8
    23    45     3   748   114     4   729   181     1
   564   459     6   839   643     7   802   165     3
   261   449     1   365   288     4   703   604     8
   455   908     3   366   873     7   641   244     3
   278   959    10   734    79     5   408   332     6
   177   866     7   257   587     8   696   754     1
   139   250     8   833   255     2   267   361     7
    17   291     7   127  1000     9   488   244     1
   141   713     8   476   190     5   326   721     4
   717    42     4   953   807     8   915   825     5
   859   709     3   764   537     5   983    47     9
   198   607     1   446   826     5   486   160     9
   635   465     4   495   366     8   733    73     4
   778   943     6   322   406     6    49   320     4
   432    10     3   179   439     8   242   134     4
   688    65     4   790   773     3    23   401     4
   521   830     6   315   777     8   131   404     7
   412   374     8   696   547     6    79   227     3
   796   508     4   543   310     1   832   923     1
   140   918     6   237   336     3   762   151     6
   356   467     9   664   436     3   270   161     4
   868   233     3   506   675     1   705   768     4
   728   167     1   657   399     3   137   240     2
   846   698     2   737   875     7   849   531     2
   571    59    10   198    28     8    58   744    10
   940   295     8   637   224     6   398   687     3
   240   704     5   235   576     3    93   128     6
   523   942     6   482   829     3   566   425     1
   407   911    10    87   722     9   654   770    10
   238    55     6   740   645     1   381   743     1
    16   831     7   556   253     3   162   717     1
   242   337    10   220    97     6   223   550     8
   112   665     5   647   571     5   791   268     8
   726    56     3   690   206     2   405   836     9
   566   962     4   520   961     5   947   493     2
   750   413     7   362   302     3   665   965     6
   372   976     2   977   568     6   103   487     8
    96     8     1   710   460     2   424   555     1
   684   224    10   393   143     9   946    56     7
   555   978     7   385    36     9   943   274     5
    65   334     9   360   943     9   471   408    10
   584   789     6   717   101     7   834   858     1
   783   729     1   797   215     1    91   399     5
   920   253     3   651   626     6   484   917     1
   837    82     7   678   552     9   470   432    10
   514   105     1   247    84     7   164   281     8
   446    80     8   815   777     6   731   878     1
   735    26     6   549   164    10   733   587     7
   699   655     2   189   660     6   342   958     3
   926   611     3   243   149     4   363   407     9
   625   643     9   421    37     4   745   856     3
   834   895     8    47   675     9   981   264     4
   435   540     7   275   545     7   140    70     8
   958   700     3   806   577     2   219   825     8
   591   372     7   835   800     3     2   818     1
   708   683     9   776   162     4    94    71     8
   284   683    10    99   960    10   138   399     3
   630   578     6   383    94     6   500   920     3
   416   658     6    27   152     7   110   225     9
   550    21     3   112   786     5   635   237     1
   508     4     9    79   383     7    10   881     6
   958   966     1   895   551     9   295   607     4
   859   131     3   509   591     6   489   483     3
   192   904     5   111   391     7   623   124     7
   331   159     2   769    50     8   343   857     6
   881   657     8   661   769     7    63   468     9
   990   385    10   661   261     5   887   702     9
    27   340     3   292   455     3    64   870     7
    20   308     8   769   832     5   864   213     7
    82   764     2   786   126     4   688   437     9
   686   113     3   688   981    10   439   412     8
   717   423    10   188   213    10   702   554    10
   899   713     4   327   303     6   671    50    10
   182   254     8   930   872     9   433    28     3
   855    74     8    63   495     1   412   668     6
    82   710     4   713   886     9   290   225     8
   807   143     3   276   736     3   760   989     9
   214   605     4   991   881     5   703   127     4
   229   575     1   186   685     2   763   292     1
   209   231     3   386   134     9   636   313    10
   663   654     4   890   975     2   927   678     3
   235   457     6   660   593     5   442   763     4
   900   305     6   678   847     3   726   406     7
   463    33     3   762   185     2   117   127     7
   310   473    10   525   997     3   708    55     8
    61   158     3   766   759     8   769   988     5
   643   619    10   739   132     3   496   434     2
   404   409    10   490   257     9   322   886     1
   199   921     8   716   918     7   975   827     6
   287   385     9   236   686     2   959    34     1
   456   743     1   505   434     3   761   902     4
   883   916     8   574   632     6   713   119     3
   541   359     5   728    95    10   887   510     5
   985   564     3   963   849    10   429   107     1
   703   448     7   155   683     2   867   531     8
   801   411     7   990   969     4   987   757     3
   797   671     7   826    13     7   701   973     2
   974   761     2     8   715     5   255   462     8
   662   801    10   198   157     2   803   133     3
   937   488     3    78   265     7   511   786     8
   351    40     9    77   615    10   992   218     4
   791     6     9   131   721     2   565   393     9
     6   761     6   164   292     5   210    25     9
   150   252     7   129   750     6   258   304     7
   319   829     8   292   728     2   715   227     5
  1000   539     2   396   694     7   662   381     6
   634   190     3   638   767    10   272   204     8
   440   639     2   164   887    10   122   218     7
    49   246     9   719   488     9   615    50     3
   779   258     2   822   851     3   672     6     9
   543     1     7   726   780     2   639   131     3
   712   652     4   498   858     3   985   752     2
   482   126     8   446   104     9   620   575     1
   261   775     2   874   815     9   954   408     8
   223   398     9   655   567     2   653   482     9
     8   597     4   631   869     4   707   841     3
   720   989    10   907   648     8   261   849     7
   817   940     3   869   372     8    48    39     4
   961   614     5   753   167     5   743   913     4
   343   886     2   443   690     3   142   102     4
   995   784     1   722   116     9   617   559     3
   276   151     5   216   920     2   558   957     1
   592    72     3   126   383     7   345   557     6
   463   174     2   978   227     8    48   750     8
   333   442     9    40   201     9   428   565     5
   240   953    10   503   718     2   615   246     7
   574   659     9   641   576     4   217   689     1
   145   399     2   855   862     4   723   112     6
   486   791     2   483    31     6   273   643     4
   665   841     4   514    57     4   469   793     7
   673   409     4   956   342     2   879    21     9
    86   208     2   481   821     1   878   927     3
   173   349     6   824   245     2   299   306     5
   774   365     2   146   555     6   728   961     1
   839    63     8   138   677    10   372    77     3
   158   904     8   277   439     4   625    43     3
   503   820     4   428   743     3   368   636     8
   783   398     3   586   383     8   210   733     3
   114   468    10   110   193     8   619   737     9
   317    87     6   142   937     2   746   142     8
   451   526     8   352   796     6   473   126     3
   257   278     9   821   811     2   319   655     2
   310   948     4   567     5     5   316   432    10
   821   450     4   726   213     3   772   382     7
   589   810     7   729   730    10   633    71     8
   404   961     7   286   448     3   408   381     3
   617   745     3   557    38     7   828   409     7
   750    21     5   710   629     2   300   218     6
   103   237     2   686   917     4    34   910     2
   925   166     9   725    53     4   627   902     9
   670    77     9   122    76     9   295   646     6
   997    96     7   846   790     6   267   793     4
   974   262     8   680   109    10   341   835     8
   982     3    10   865   447     1   643   708     1
   293   263     4   279   168     1   722   693     7
   401   436     1   787   682     6   412   898     2
   128   964     2   136   838     1   608    45    10
   456   532     3   802   500     4   662   116     3
   577   748     1   133   459     3   358   929     7
   848   411     5   338   553     9   161    28     2
   638   874     4   202   343     4   263   416     8
    39   134    10   538   286     6    39   801     2
   262    57     8   410    92     9   684   136    10
   721   786     5   294   832     8   799   267     7
   776   221     5   989   795     2   862   544    10
   384   173     2   336   326     8   227   962     3
   952   185     6   504   912     2   850   351     5
   836    32     7   957   792     1   757   729     8
   939   986     8   743   988     4   870   611     6
   861   154     7   862   765     4   748   469    10
   446   321     3    39   179     1   881   644     9
    26   486    10   327   256     2   650   879     7
   116   567     2   149   544     8   990   228    10
   469   886     6   696   521     7   643   334     5
   748   983     7   537   563     8   125   566     2
     7   394     3    49   333     1   364   179     4
   693    48     3   595   444    10   676   157     5
   779   998     5    27   931     2   556   805     4
   848   656     5   384   106     5   816    15     1
   569   923     2    18    95     1   966   749     4
   719   922     9   318   565     3   650   897     1
   831   770     8   313   528     6    19   719     2
   426    28     7   680   738     8   663   213     8
   951   434     3   135   456     9   884    43     9
   194   407     8   425   270     8   464   782     7
   771   486     5   581   846     2   160   181     5
   757   431     9   576   871     2   586   266     9
   430   668     6   531   907     6   950   359     7
   159   542     5   824   943     2   586   110     6
   372   538     2   782   248     9   961   519     3
   532   597     3   483   607     5   393   848     2
   485   652    10   486   689     1   333   993     6
   101   209     7    49   937     8   882   503     7
   994   997     9   359   535     2   458   328     6
   378   217     3   190   684     4   661   138     7
   707     3    10   673   439     8   726   564     4
   954   691    10    91   750     8   898   256    10
   997   357     9   721   705     4    80   546     9
   697   939     8   111   255     1   551    99     7
    90   369     1   933   284    10   620   871     8
   477    23     5    10   241     2   512   806     5
    44   219     6   539   788     3   305   248     7
   320   566    10   965   336     1    15    80     4
   207   805     2   835     6     5    43   996    10
   343    66     4    17   437     9   421    44     1
   599   730     5   582   771     3   446   434     6
   303   668     5   267    71     6   817   850     1
   524   362     1   330   718     4   395   649     3
   434    42     8   482   674     9   996   427     3
   378    49     4   770   788     4   686   660     9
   159    84     4   799   949     4   201   393     7
   864   560     7   108     3     8   307   115     7
   919   460     3   110   343     2   128   352    10
   520   785     7    58   825     3   348   102     2
   755   652     3   210   528     5   711   830     2
   777   259     8   129   530     8   715   909     5
   959   311    10   338   126     1   172   987     9
   271   541     4   214   182     2   162   519     4
   985   843     7   155    88     7   731   931     4
   580   964     1   382   707     4   430   461     1
   681   915     1   293   894     4   784   577    10
   383    92     3    91    67     5   281   667     3
   933   867    10   782   477     8   397   869     7
   677   147     3   479    93     6   553   976    10
   425   392     2   896   144     1   406   595     8
    47   445     4    93   252     9   671   839     6
   384   599     6   398   211     4   664   848     8
     1    65     9   125   533     6   403   978     2
   440   794     9   616   372     1   213   172     8
   188   656     5   894    16     4   291   876     8
   892   936     1   888    59     4   647   935     9
   911    31     7    63   837     1   385   142     3
    61   948     8   201   430     8   926    46     5
   156     7     3   831   401     7   358   730     1
   462   408     4   931   780     4    51   920     3
   961   262     3    25   390     5   767   804     8
   165   907     4   888   633     1   234   766     8
   479   617     6   767   929    10   674   126     4
   338   271     8   822   898     4   847   336    10
   512   318    10    58   738     7   822   992     8
   379    88     7   431   967     9   309   877     8
   989   785     9    97   480     4   546   980     9
   917   935     3   991    45     3   575   562    10
   369   192     8   854   346     3   651   102     3
   454   496     1    74   413     7   699   890     1
   907   872     7   184   470     5    85   382     9
   806   384     2   751   576     8   555   986     1
   657   147     3   860   332     4   475   793     8
   745   207     4   187   310     5   465   978     4
   785    43     3   745   570     3    47   303    10
   700   715     4   138   285     7   522   967     2
     2   456     9   117   753     9    85   613     4
    96   661     5    22   424     9   530   220     1
   170   859     5    40   684     7   900   236     7
   933   593     6   315   586     9   266   203     9
   901   832     8   443   571     2   365   478     8
   363   179     1   233   727     1   870   381     3
   104   865     9   144   226     5   946   977     5
   392   293    10   274    56     3   153   993     6
   513   975     9    34    60     6   747   395     8
   325   328    10   517   818     3   933   478     9
   783   199     7   969   187     1   289   757     1
   423   687     3   128   519     9   177   608     3
   754   434     4   264   614     4   568   513     3
   321   351     7    43   227     1    38   750     7
   349   211     4   684    19     3   493   865     4
    85   740     6   854   663     3   660   136     2
   496   945     2    81   739     9   936   743    10
   155   803    10   234   618    10   308   947     3
   894   820     9   802   769     6   861   544     6
   254   819     4   135   632     1   586   371     7
   203   309     9   820   157     9   728   197     4
   188   392     2   854   650     6   178   414     2
   427   627     5   634   905     5   898   612     4
   242   152     1    19   126     8   950   461     8
   723   662    10   478   608     6   267   969     2
    66   936     5   979   959     2    40   998     9
   167   386     6   927    18     9    31   595     8
   344   509     4   953   357     7    18   315     7
   952   371     5   355   259     4   376   543     1
   563   350    10   646   461     2   159    46     1
   627   766     4   510   208     6   842   372     6
   568   849     2   997   555     9    63   361     8
   147   488     8   279   163     3   576   715     6
   410   150     4   868    70     9   886   874     8
   223   166     4   219   915     9   757   995     2
   116   953     8   336   548     1   402   702     1
   139   339     2   123   487     3    90   415     6
     2   492     1   984   832     5   374    11     9
   533   979     8   495   854     9   445   415     4
   373   565     6   718    45     1   310   670     4
   267    58     6   644   130     5   973   390    10
   225   113     7   497   307     3   425   926     5
   914   694     2   199   284     4   252   857     3
   498   431     7   160   297     6   943    44     8
   249    90     2   522   844     7   433   435     2
   463   530     8   699   729     2   816   123     4
   276   873     7   457    93    10   477   417     6
   481   763     5   645   587     1   605   879     1
   570   545    10   283   303     7   554   623     8
   745   594     2   329   574     9   192   418     8
   820   654     2    61   321     5   523   362     4
   830   564     1    78    10     2   626   154     7
   322   883     4   163   975     6   866   853     6
   932   316     7   785   689     5   236   645     5
   221   282     1   964   981     5    92   500     4
    69   318     5   152   875    10   561   720     7
   328   453     8   218   958     3   239   724     3
   369   204     3   181   399     5   120   306     2
   869   385    10   953    88     3   281   945     6
     2   539     2   998   248     2   346   899     8
   233   793     9   607   572     9   440   182     7
   323   868     3   677   863     1   748   837     7
   363   449     9   451   246     6   217   291     9
   138   379     5   577    81     1    28   389     7
   920   828     7   111   717     5   490   215     8
   240   167     6   608   752     1   809    48     3
   859   213     3   630   938     7   782   831     8
   845   137     2    37   434     5   699   750     1
   970   102     2   997   678     3    93   847     7
    63   814     6   239   607     7   531   217     4
   313   533     5   278   943     6   940   317     2
   438   109     4   180   728     4   640   921     8
   151   233     1   362   720     5   380   334     6
   804   207     5   377   321    10   925   543    10
   903   559     7   103   293     7   567    49     6
   367   485     4   385    94     5   284   249     6
   250   697     7   226   730     2   742   422     9
   924   883     8   326   551     6   532   909     3
   651   658     7   937   392     7   839   968    10
   705   314     2   744   805     3   770   999     1
   688   967    10    14   321     6   547   238     5
   844   847     6   907   570     2   661   705     8
   468   310     3   346   981     8   874   993     1
   916   940     8   696   658     2   142   840     4
   724   720     7   538   761     2   143   253     1
   736    22    10   685   528     2   118    55     6
   775   764     5     6   455    10   180    68     3
   933   591     1   444    23     3   939   477     8
   763   221     3   191   213     7   992   231    10
   455    66     4   691   290     6   718   958     6
   665   448     5   444   560     4   630   269     2
   645   351     1   243   129     2   557   334     7
   188   735     1   617    37     8   574   325     9
   519    45     2   258   144     6   601   243     2
    47   421     4   699    24     2   238   772     4
   216   715     7   860   892     2   284   387     4
   732   774     8   415    20     7   511   892     1
   326   260     2   138   669     6   668   116     5
   834   203     3   717   606     7   488   221    10
   892   188     3   941    93     6   917   342     2
   855   631    10   231   736     1   944   215     2
   406   386     5   601   972    10   402   242     6
   101   503     2   976   892     5   739    49     2
   307   332    10   630   834     7   139   982     3
   820   739     4   568   856     2   751   353     1
   381   828     6   173    70     3   804   624     8
   220   275     2   405   887     9   265  1000     9
   146   579     2   720   513     4   732   558     2
   688   258     8   379   914     6   785   772     5
   360   622     2   177   505     9   288    77     6
   644   303     1   147   786     4   506   450     6
   566   877     6   260    17     2    51   595     8
   581   596    10   604   177     9   407   267     5
   493   463     1   114   786     9   757    56     6
   667   681     1   448   667     2   449   418     6
   250   328     5   392   705     6   100   632     1
   167   492     3   694    31     5   854   908     3
   284   861     2   674   959     5   756   544     1
   862   170     1   798   354     6   869   141     2
   374   733     8   972   938     9   735   620     4
   125   363     7   355   514     4    78   121     7
   439   347     8   963   935     8   163    64     1
   754   789     7   677    65     2    55    42    10
   306   290     8   224   612     7    75   637     1
   561   951     8   461   742     8   677   436     1
   516   890     8   306   889     6    26   772     4
   765   129     4   567   269    10   240   386     3
   360   229     7   221   965     3   558   887    10
    54   227     1   805   236     7   563   609    10
   651   975     7   222   468     2   561   603     2
   685   919     2   399   472     5   216   125     8
   464   214     4   880   173    10   328   750     8
   887    34     3   149   434     7   397   363    10
    12   215     9   206   340     2   513   258     5
   355   260     1   959   374     3   493   680     2
   911   960     7   674   168     3     5    25    10
   371   369     4   205   488     1    93   632     9
   543   182    10   682   954     9   460   327    10
   502   582     2   947   464     3   230   943     3
   347   278     4   203    77     3   396   785     5
   221   227     5   758   130     8   658   377     6
   709   628     1   538   832     1   785    40     8
   445   696    10   814   917     6   365   691     3
   478   214     6   895   675    10   445    73     1
   253   877     3   225   784     5    66   288     3
   301   226     6   365   334     7   194   428     2
   789    41     8   143   462    10   623   968    10
   345   987     3   500   606     1   530   595     3
   839   835     6   519   960     8   996   475     6
   588   945    10   905   998     8   142   267     3
   273   174     8   484   434    10    86   948     2
    86   925     6   909   682     2   150   691     3
   638   848     2    15   470     1   283   858     3
    37   391     9   885   284    10   659     5     9
    92   303     4   965   591     4   931    55     5
   313   973     7   573   529     7   776    90     1
   931   305    10   677   263     7   365   749     5
   897   815     5   871    40     4   891   396     5
   761   938    10   929   702     5   778   902     3
   199   640     4    44   888     7    72   747     9
   965   678     7   692   349     1   499   307     9
    45   600    10   987   105     9   440   178     2
   605     7     2   856   744     9   419   432     3
   436   450     1   651   158     4   403   786     6
   202   271     1    54   691     1   901   321     4
   793   235     3   104   413     4   219   594     8
   303   556     2   133   468     3   899   521     5
   762   372     6    77   766     6   345   882     1
   214   473     6   148   263     9   306   199     4
   641   870     8   851   251     2   128   737     5
   458   872     2   182   820     4   915   766     8
   104   676     2   733   699     9   168   269     3
   646   225     1    32   366     8   934   245     1
   341   454     4   676   259     8   297   642     3
   446   901     5   168   244     1    99    32     4
   762    10     7   743   499     2   730   841     3
   530   207    10   486   238     5   915   241    10
   703   243     5   968   652     5   721   985     4
    68   436     6   263   382     1   154   942     3
   584   741     7   503   912     6   131   855     8
   148   400     5   330   120     1   475   883     7
   339   381     9   458    89     2   791   757     1
   605   996     7   134   515     1   319   694     1
    18   109    10   994   760    10   430   936    10
   271   897     4   532    58     9   356   753     7
   473   914     9    27   915     8    70   745     9
   501   810     4   196   730     7   757   430     9
   119   363     3    82   889     4   857   973     7
   265    27     9   616   330     8    89   881     3
   901   453     6   338   112     7   452   173     8
   192   891     2   931    40     1   840   690     3
   212   420     6   217   722    10   747   921     8
   214   519    10   988   702     9   941   437     9
   604   802     5   179   278     6   207   162     4
   704   964     1   390   383     3   952   241     1
   799    85     1   294   379    10   830   445     5
   653   496     8   495   572     9     1   287     9
   984    96     9   162   294     6   765   231     2
    52   958     4   424   701     6   167   242     7
   288   441     5   674   746     5   973   914     7
   947   792     6   752    65     3   495   670     4
   612   685     6   411   885     5   146   942     4
   675   789     8   240   469     1   584   437     4
   105   350     8   955   614     6   875    78     4
    84   834     6   491   724     8   954   274     5
   333   811     9   523   851    10    27    79     2
     3    66     5   269   279     1   580   396     6
   400   994     2   907   703     7    92   136     2
    22   734     8    16   958     4   441    54     3
   349   515     5   288   428     2   831   310     8
   896   847     3   497   728     1    59   508     5
   527   887    10   332   198     2    50   783    10
   893   618     3   132   203     7   918   838     2
   712   746     7   100   903     3   418   194     8
   288   390     8   130   716     8   711   427     9
   338   389     6   455   453     5   160   382     5
   678   232     3   969   397    10   511   713     3
   766   167     1   193   163     2   226   659     6
   104   939     6   285   402    10   239   836     2
   761   910     3   153   539     2    90   219     6
   117   729     1    99   641     2   504   931     7
   715   657     3   879   384     7   388   539     5
   130    37     4   168   330     3   319   961     3
    16   533     1   118   998     9   220   802     7
   876   504     8   588   257     9   150   953     2
   331   181     5   417   742     6   825   668     9
   329   988     4   965    14     4   854   291     1
   959    10     9   944   686     8   472   661    10
   283   566     7   807   882     2   597   525     5
   933   999     1   568   652     9   730   592     1
   969   225     3   566   858     2   899   695     7
   864   549     3    19   865     3   121   614     7
   318   298    10   941   569     2   798   148     8
   270   253     7   121    54     3    34   663     6
   600   815     1   754   761     3   582   820     3
   753   449     6   443   883     9   963   340     8
   740   636     2   398   963     5   118   574     1
   906   190     7   540   982     3   774   405     5
   483   688     8   216   735     3   319   930     6
   354   175     1   598   380     3    69   451     1
   752   146     2   482   221     6   964   850     1
   427   594     1   976   981    10   578   145     4
   964   683     6   665   492     4   216   107     7
   743   745     9    21   188     1   713   457     3
   882   314     1   530   624     5   499   898     5
   865   317     3   553   827     2   569   373    10
   571   871    10   228    20     9   647   462    10
   580   743     4   705   920     4   600   276     6
   696   472     9   256   398     1   933   580     1
   891   979     3   442    79    10   639   556     2
   192   364     9   731   769     5   167   736    10
   711   458     6   824   554     3   916   929     9
   462   499     1   647   532     2   443   863     6
   114   574     1   876   564     7    16   841     4
   984   327     9   585   250     8   268    70    10
   357   425     1   603   820     1   632   469     1
   352   247     7   205    89     4   532   758     9
   407   958    10   573   716     8   552   734     3
   886   600     4   267   482     4   401   224     8
   720   103    10   148   422     9    68   706     3
   199   920     3   171   756     6   763   464     4
   908   828     2   440    38     5   178   882     9
   350   530     9   540   432     3   210   667     4
   776   249     2   780   425     9   796   496     6
    55   518     6   842    56     1   332   221     3
   241   583     9   653   912     7   368   800     3
   671   704    10   426   431     9   850   591     1
   575   521     4   256   425     5   326   433     5
   846   699     1   767   207     3   387   657     6
   144   401     5   235    40     7    99   791     2
   366   453     2   986   681     7   852   342     4
   625   570     6   699   755     8   856   889    10
   499    84     7   991    84    10   929    30    10
    71   338     1   516   920     8   563   209     1
   264   652     9   963   721     6   409   820     4
   162   679     8   770   724     4   371   870     2
   397   825     9    24   152    10   316   341    10
    10   655     7   513   379     8   410   768     9
    36   531     9   604   599     3   934   223     8
   153   673     5   625    90     4   535   774     3
   427    67     3   200   790     9   824   847     6
   434   586     6   342    21     5   318   166     4
   901    85     6   206   303     9   627   814     2
   945   156     7   461   137     4   782   522     3
    55   309     9   866   653     2   538   616    10
   570   309     8   595   933     4   829   299     6
   444   319     6   226   588     9   894   205     9
   286   298     2   392   169     4   614   792     3
   652   489     6   641   164     5   463   203     9
   498   828     5   709   682     5   142   537     7
   229   911     8   824   770     9   399   505     5
    46   509     9   393   296     8   829   252     6
   898   163     2   999   764     6   560   840     6
   519   232     4   421   772     7   439   817     9
   813   869     3   389   732     5   965   549     2
   998     6     2   756   271     3    11   199     9
   754   238     4   730   158     4   330   359     4
    52   643     4   237   838     6   823   606     5
   655   330     6   477   665    10   578   702     9
   355   979     8   889    53     6   442   338     4
   847   584     6   527   648     7   325   780     4
   432   773     8   699    16     1   284   616     9
   225   429     1   497   661     6   282   208     1
   988   725     6   198   791     6   299   379     9
   631    10     8   977   192     3   782   614     7
   703    93    10    62   524     4   748   616     3
   499   134     6   806    17     2   391    54     2
   991   647     9   641   146     4   721   500     3
   546   828     1   558   517     7   686   800     2
   828   267     5   634   456     4   333   760     5
   395   527     8   300    74     6   364   525     4
   149   729     6   589   224     8   732   694     1
   326   844     5   680   350     3   417    43     8
   162   705     4   676   492     1   621    22     6
   972    18     1   456   745     4   897   186     6
   237   215     7   576   887     9   973   876     2
   203   247     9   233   386     7   463   534     9
   242   387     7   644   346     1   257   936     4
   247   838     7   573    80    10   919   482    10
   533   467     5    83   602    10   332   763     1
   128   802     8   160   311     4   284   577     5
   315   859     1   300   625     9   413   711     6
    69   431     4   914   796     9   439   627     8
   694   975    10   691   182     2   633   719     4
   213   845     9    41    98     2   251   906     6
   226   388     2   370   872    10   729   684     5
   811   422     6   940   529     1   786   263     1
   573   296     3   911   450    10   964   763     4
   941   152     3    54   751    10   115   181     7
   455   423     7    34   144    10   113   191     6
   912    98     1   983   517     9   153   556    10
   920   317     8    79   665     7   761   809     7
   542   417     4   626   948     1   766   617     3
   808    33     4   469   925     4   122   376     9
    92    27     9   696   773     4   146   162    10
   308   125     9   448   227     1   541   205     1
   228    67     3    24   954     9    19   586     1
   596   977     6   392   518     7   400   818    10
   888   919     1   521   781     2    54   700     8
   228   289     7   763    66     8   961   115     5
   389   982     2   506   424     2   431   353     4
   449   133     4   293   669     6   467   605    10
    50    93    10   302    19    10   780   182    10
   173   322     7   983   979     3   656   906     4
   607   438     5   831   795     9   694   624     8
   212   735     6   655   917     9   837   641     8
   132   294     4   850   736    10    81   906     5
   562   272     3   682   123     6   637   187     4
   569   670    10   193   218     4   205    25     1
   872   118     6   536   240     3   457   272     6
   724   927     8   885   481     4   179   734     5
   621   989     9    76   582     1   875   504    10
   226   781     3   269    51    10   244   661     1
    54   503     9   616   743     4   510   251     5
   444   225     1   836   832     7   693   937     7
   555   702     5   331   439     9   412    98     4
   300   628     7   169   593     3   388   201    10
   402   967     9   268   573     5    42   745    10
   769   230     5   631   996     4   751   864     7
   440   752     5   185   469     4   831   875     5
   552   564     3   852   145     7    36   949     8
   866   547     3   819   398     1   248   277     2
   712   678     4   137   887     7   216   997    10
   840   119     7    37   657     1   343   416     3
   805   713     7   997   570     9   172   676     5
   544    35     9   495   893    10   790   820     6
   339   734     3   403   569     4   110   279     5
   334   459     2   489   968     2   628    41     5
   498   385    10   185   799    10   941   876     3
   565   327    10   693   626     8   182   180     8
   305   476     5   582   106     3   110   622     5
   910   739     2   611   244     8   957   104     9
   950   571     2   987   152     9   665   544    10
    90   495     9    36   739     1   328   201     2
   932   178     6   282   637     2   381   547     4
   137   135    10   228   425    10   192   370     9
   172   743     3   404   311     8   427   865     5
   812   315     7   759   934     6   826   642     8
    45    32     8   891   648     4   982   279     3
   361   413    10   113   973    10   716   840     2
    91    58     6   899   850     7   195   509     1
   655   645     6   423   830     2   261   393     2
   964   117     5   231    13     7   624     3     1
   378   940     1   677     5     1   747   534     5
   581   156     7   133   488     8   372   413    10
   764   463    10    43   113     4    38   661     3
    82   160     2   621   327     3   519   381     9
   396   873    10   242   969     7   424   721     9
    84   581     3   583   457     7    85   422     1
   805   294     2   799   301     6   817   464     5
   956    96     4   513   335     3   275   507     6
   773   203     2   475   567     4   572    70     3
   184   220     5   376   606    10   167   596     3
   155   148     1   157   355    10   264   397     4
   223   636     1    83   207     1   248    72    10
   111   723     3   245   629     3   484   363     9
    96   996     2   997   614     2   976     2     7
   861   476     7   909   547     7   428   472     4
   142   480     8   746   718     3   655   291     6
   629    78     1   434   403     3    64     3     5
   361   614    10   297   623     8   568   965     4
   154   844    10   526   684     7   803   414     5
   204   489     4   442   125     5   433   123     6
   416   585     6   567   272     8   505   821     4
   124   332     1   997   942     1    18   828     7
   767   845     2   108  1000     9   622   422     5
   966   699     5   319   947     4   229   989     9
   213   339    10   611   272     3   119   860     6
   746   150     3   729   182    10   591    74     7
   669   937     1   406   234     6   965    29     1
    84   216     5   635   368     6   490   251    10
   429   501    10   795   526     8   879    11     4
   469   546     2   826   393     1   262   530    10
   142   183     5   407   443     4    27   694     2
   526   880     8   924   773     5   861   351     5
   202   666    10   297   767     6   553   180     9
   110   297     6   513   919     4    39    78    10
   623   303     5   593   339     9    70   369     1
   724   798     4   993   693     2   916   449     9
   821   523     7   739   607     6   127   245     3
   327    87     2   769   184     1   173   338     2
   592    48    10    85   154     3   720   259     4
   146   601     9    42   563     5   192   771     2
   749   192     6   666   156     5   623   928     8
   537   813     1   476   357     2   468   634     6
    20   274     7   908   391     2   485   626     5
   537    21     2   581   345     1   137   263     1
   193    27     8     7   643     1   972    51     6
   147   746    10   974     5     4   657   741    10
   582    56     4   833   971     3   857   362     1
   296   258     2   591   876     8   370   198     9
   924   177     7   693   250     1   800   332     7
   679   113     9   152   773     7   903   622     8
    38   610    10   220   111     9   904   683     1
   389   752     4   597    48     3    30   276     1
   550   152    10   950   730     5   369   164     1
    62   283     8   402   860     9   695   146     8
   131    79     7   419   100     2   879   913     1
    97    26     8    98   444    10   238    18     1
   872   640     9    95   862     6     8    85     1
   977   105     5   776   268     1   448   929     5
   543   125     3   968   131     5   641    71     9
   711   937     6   118   239     5   640   980     7
     7   152     1   626   422     2   468   280     1
   281   520     7   932   691     5   153   487    10
   923   973     5   966   198     2   840   502     5
   234    54     4   996    64     1   958   823     6
   266   235     5   593   696     5   316   540     6
     1    59    10   493   860     8   963   394     9
   924   873     4   221   268     8   188   513    10
   142    20     3   565     5     2   463   164    10
   129   826     4   810   451     5   257   792     4
   700   969     3   480   858     4   416   517     9
   923   194     1   371   751     5   965   407     5
   184   524     5   205   646     1   237   738     7
   969   200    10   989    33     7   137   237     8
   337   481     2   755   102     8   124   644     8
   800   599     9   132   908     6   514   606     7
   500   453     9   431   489     3   850  1000     8
   249   346     6   400     2     8   979   992    10
   708   701     9   942    32    10   248   282     3
   416   965     7   205   931     6   184   963    10
   994   669     2   159    11     1   373   372     4
   423    67     3   433   546    10   972   839     5
   109   983     4   933   337     5   231   441     6
   222   743     9   869   632     9   231   629     6
   498   340     5   286   154     6   555   443     4
   178   253     3   820   762     8   313   353     4
   968   813     3   794   820     4   612   273     1
    77   538     5   198   573     9   762   704     6
    77   472     1   962   327     9   616   757     2
   624   604     3   899   694     7   401   591     4
   268   287     9   368   421     1   855   506     2
   778   132    10   359   606     8   972   463     5
   810   741     4   552   500     9   949   994     3
   727   508     2   956   701     9   343   135     5
   867   462     5   944   874     9   905   121     8
   189   530     3   196   561     7   798   251     1
   303   497     8   882   259     9   473   322     8
   349   235     8   296   962     9   161   245     6
   133   143     3   646    44    10   674   607     4
   965   598     8   848   730     1   664   754     7
   168   183     5   402   583     8   429   947     3
   761   337     5   506   610     9   654   115     4
   312   276     4   321   879     4    15   520     4
   836   401     9   500     9     9    84   624     9
    98   950     7   446   505     8   714   355     2
   846   993     3   624   667     3   402   642     9
   886   669     8   259   667     5   483   954     8
   799   498     4   447   561     6   478   376     3
   344   986     2   102   973     3   834   663     8
   436   570    10   284   282     6   164    68     6
   663   473     9   867   798     8    89   410     6
   696   885     7   628   413     8   879    98     6
   403   195     5   637   287     8   482   605     3
   843   950     4     7   434     7   672   193     3
   539   997     3   294   237     2   759   131     3
   769   454    10   334   268     6   696   337    10
   400   889     5   753   322     7   218   149     6
   793   107     1   684   385    10    38    39     6
   759    79     8   318   247     1   636   238     6
   527   438     5   764   846     3   228    74     5
   405   952     9   621   206     1   399    63     7
   300   783     3   385   299     3   447    96     7
   494   495     9   841   363     8   534   493     6
   556   233     4     8   232     5   194   988     1
   684   159     1   140   221     1   988   385     2
   805   334     8   853   825     2    82   362     5
   783   800     5   243   600     3   944   395     3
   154   439     4   895   807     4   550   439     7
   593    35    10   892   698     4   545   264     8
   554   489     3   174   437     5   963   555     3
   979   342     1   865   223     1   126   527     6
   319   734     6   735   251    10   646   482     7
   816   298     8   598   768     2   889   266     5
    79   928     7   195    82     7   799   898     1
   767   285     2   950    16     8   779   983     6
   384   119     8   270    86     5   541   551     2
    39   352     8   922   491     3   958   524    10
    42   947     8   636   521     2    77   717     6
    85   961     1   188   704    10   237   202     2
   947   506     3    82    54     7   280   844     8
   386   912     5    31   424     4   398    60     3
   146   117     3   585   937     1   897     2     4
   533   436     9  1000   234     3   833   169     5
   110   984     3   361   887    10   113   387     7
     2   666     6   129   104     3   142    10     7
   519   498     6   293   207     6   651   994     7
   797   182    10   714   330     1   242   951     7
   796   122     8   902   836     2   964   525     8
   246   503     6    80   627     5   512   201     1
    54   296     5    96   348     1   643   914     1
   143   156     3   279   705     3   473   239     8
   670   701    10   343    33     4   368   809     9
   816   575     7   317   332     1   175   951     5
   767   498     3   362    86     5   462   466     8
   963    44     4   985   146     3   621   783     2
   693   429     9   955   382     6   138   555     7
   253   829     9   483   383     3   595   647     3
   733   740     1   482   750     2   691    95     7
    30   836     9   263   237     2    54   694    10
   207   215     6    28   271     6   470   755     4
   736   837     6   602   860     9   854   812     5
   698   412     2   838   572     7   568   901     4
   718   763     6   597   752     2   656   127     1
   199   857     8   463     3     3   546   505     2
   721   221     5   859   988     7   259   411     4
   216    31     1   748   432     3   703   267     2
   615   738     5   315    57     6    39   113     9
   510   764     6   127   329     6    18    84     9
   330   688     1   138    37     6   662   308     3
   187   403     2   711   751     9   990   833     5
   381   191     7    39   504    10   861   791     4
   715   278     6   733   732     7   467   611     2
   613    76     2   987   468    10   848   114     9
    85   791     5   525   976     8   558   445    10
   274   180     8   967   426     8   925    30     6
   523   916     9   345   939     3   964   659     7
   736   651     5   433   286     8   539   506     2
   707   733     4   603   369     7   825   695     5
   632   253     8   529   781     5   498   898     5
   115   478     7   313   264     5   537   933     6
   491   518     6   526     6     1   997   212     5
   155   356     4     3   892     8   567     3     1
   983   102     7   152   615     8    66   543     5
   178   493     2   820   529     1   395   423     8
   334    54     8   358   510     6   996   548     3
   475    52     1   389   241     4    59   904     1
   894   967     2   382   577     9   851    48     7
   553   278     7   829   994     1   465   296     2
   577   927     8   929   606     2   982   261     7
   980   509     5   579   535     1   769   857     6
   758    78     5   182    22    10   938   626     4
   636   442     6   775   596     7   718   788     7
   858   139     5   171    59     9    60   668    10
   279   792     8   910   229     2   370    69     7
   352   583     2   225   324    10   543   154    10
   908   709     8   716   311     2    76     3     4
    13   551    10   903   719     7   205   172     1
   187   168     5   181   285     1   786   391     5
   222   273     3    23   585     9   272   320     8
   263   224     9    54   976     6   779   607    10
   919    61     4   968   420     7   854   195     2
   533   357     7   898   780     5    95   181     9
   902   220     9    46   975     9   261   559     6
    50   345     5   504   905     4    97   959     1
   496   885     8   336   292     3   169   859    10
   936   138     5   359   688     6    78   543     2
   180    65     4    32   430     3   663    17     9
   847   214     1   275   339     3   423   319    10
   178   515    10   895   762     2   301   124     6
   348   720     2   568   668    10   312   640     7
   615    86     8   645   756     7   640   986     1
   686     9     5   137   412    10   957   835     8
   945   758     1   953   882     9   676    17     9
   995   596     5   796   872     8   633   708     1
    32   255     1   807   800    10   897   992     4
   537   893     6   899   155    10   788   535     2
    74   903     6   341   834     5   520   620     5
   506   258     7    41   159    10   638   436     3
   888   956     6   432   861     9   841   772     5
     1   532     5   977    75    10   634   275     1
   695   268     3   290    17     3   723   975     5
   952   915     7   790    56     2   210   741     7
   176   744    10   158   809     6   193   116     4
   920   259     2   359   237     5   282   399     2
    54   105     1   983   406     6   902   451     2
   230   295    10   885   200     6   848   523     3
   482    16     7   872   533    10   537   550     3
   651   103     4   743   403     4   164   923     7
   949   763    10   658   875     4   713   653     9
    29   763     3   547   314     5   221   256    10
   231   510     6   458   463     3   901   378     9
   400   938     2   651   660     4   763   528     3
   645   898     3   179   576     4   698   869    10
   498   835     4   509   589     3   837   651     3
    27   542     5     7   538     2   527   166     7
   860   961     4   537   917     6   941   161     1
   796   971     1   858   666     7    97   597     5
   747    87     4   780  1000     1   143   833    10
   985   437     2   733   639    10   933   382     7
   689   862     5   423   447     8   879   106    10
   508   921     2   644   707     3   121   852     4
   380   344    10    19   219     6   679   398     6
   314    76     1   565   992     6   147   119     9
   450   777     2   474   142     8   286   947     4
   104   195    10   224   730     1   452   923     9
   386   671     5   149   363     9   100   408     7
   423   241     9   848   322    10   289   426     1
   748   202     6   603   855     2   786   940     1
   770   825     5   662   626     4   536   907     6
   503   173     3   334   548    10   740    96     8
   828   834     3    73   811     4   885   142     5
   628    60     4    64   839     8    10    41     4
   915   165     8   414   433     6   222   672     1
   718   396     3   486   852     7   790   264     6
   977   201     4     6   439     3   521    53     9
   905   359     9   988   453     3   679   825     6
   463   881     8   334   930     7   259   735     7
   229   377     5   991   389    10   752   609     8
   497    62     2   217   746     1   313   818     3
   121   246    10   625   288     3   792   140     9
   715   685     8   970   321     9    23   701     4
   916   139     4   535   501     2   428   477     9
   373   858     8   509   971     1   830   149     7
   137   389     1   944   351     1   600   522     2
   812   766    10   399   849     1   801   135     1
   505   166    10    18   887     4   713   583    10
   480   859     7   324    32     9   451   215     3
    24   881     9   392    63     5   217    97     3
    38   642     6   190   799    10   385   657     6
   871   453     6    93   477     8   690   558     6
   974    68    10   358   810    10   685   719    10
   675   133    10   553    63     8   909   956     9
   392   651     7   153    80     2    65   374    10
   560   103     6   619   262     4   201   835     6
    91   724     1   453   115     4   105   515     9
   263   376     5   843   245     4   137   363     8
   329   251     3   272   761     7   186   932     9
   275   716     7   980   548     1   839   206    10
   495   961     6   744   930     7   501   381     7
    82   602     5   972   417     7   635   951     5
   851   939     4   808   356     7   116    37     3
   764   432     5   115   402     8   363   943     3
   592   637     1   940   760     6   504   484     3
    47   309     8   930   431     8   786   219     3
   870   558     7   938   113    10   808   704     4
   938   411    10   169   657     9   328   737     4
   261   375     6   849   974     2   831   441     7
   852   844     5   715   757     1   546   865     5
   911    89     2   347   251     8   531    16     5
   932   530     5   708   869     3   342   892     5
   565   960     1   603   994     9   710   361     3
    25    78     2   479   162     7   701    77    10
   741   329    10   899    66     4   139   234     8
   673   475     7   695   191     1   104   679     3
   875   224     7   617   192     7   921    71     4
   379   533     7   787   417     6   393   943     3
   776     6     7   510   787     4   184   819     2
   238   502     6    88   125     8   316   790     1
   976   772    10   948   953     4   831   359     6
    45   955     8   969   543     1   943   288     4
   452   301     7   546   342     6    94   578     1
   935   375     6   633   768     1   673   418     5
   236    35     7   260   991    10   160   661     3
   737   956     9   227   988     5   151    18    10
   881   280     4     6   924     9   524   765    10
   614   293     4   764    17     9   576   206     9
   797   451    10   784   598     3   952   459     4
   527   151     7   202   817     3   539   372     5
   793   663     9   128   115     8   153   664     4
    42   635     6   437   438     4   711   444    10
   273   525     3   279   894     7    93   867     8
   282   835    10   646   392     1   418   380     9
    28   336     4   367   822     6   919   901     7
   158   465     5   215   558     9   221   588     3
   154   409     6   585   617     5    14   542     4
   392   527     6    86   610     3   250   492     9
   845   218     7   480   513    10   725   427     4
   375   954     8   393   257     1   563   913     3
   606   615     6   588   809     1   195   452     6
   936   686     1   514   288     3   448   555     2
   265    88     1   377   653     7   491   534    10
   429   549     1    37    76     6   581   516     9
   873   725     5   737   491     2   646   327     9
   480   803     3   504   917     3   941   774     4
   115   971    10     6   722     3    69   362    10
   886   677    10   179   453     7   204   495     7
   274   138     8   971   743     8   807   409     3
   352   136    10   628    87     9   872    34     8
     6   759     3   769   407     2   334   720     3
   256   358     1   465   322     2   471   272     2
    20   395     9   831   803     3   467   893     5
    79    81     4   633   602     4   491   179    10
   811   895     5   937   775     6   469   387     4
   377   532     6   603   919     1    69   871    10
   337   916     9   148   669     4   791   959     5
   279   562     3   795   164     4   654   558     9
   443   329     9   139   819     8   584   717     8
   605   965     1   263   748     4   594   742     6
   357   785     8   377   346     6   687   531     2
    93   933     7   176   435     2   946   499     9
   576   483     9   982    14     9   518   843     9
   408   554     2   986   758     6   146   864     4
   229   536     6   221   688     3   892   270     4
   218   541     5   159   824     4   963   831     8
   601   822     7   473   894     9   612   867     4
   826   295    10   246   350     1   695   249     8
    63   354     2   568   373     1   759   499     9
   382   833     4   976   939     4    33    84     3
    72   307     1   945   206    10   689   696     3
   684   125     8   898   553     3     9   592     3
   690   809     1   164   437     8   153   116     8
   626   222     9   900   436     6   457   482     9
    88   689     8   674   432     7   340   783     2
   734   131     8   499   644     7   589   979     9
   831   337     7   693    90     2   136   752    10
   175   786     2   557   261     8   818   813     4
   948   554     4   616   983    10   780   159     5
   389   230     7   244   171     3    68   599     1
   201   717     6   455   130     1   683   558     3
   999   712     5   811   827     9    17   269     6
   530   950     9   377   291     3   309   191    10
    72    62     5   416   581     7   339   559     9
   735   432     2   225   800     1   352   431     7
   205   718     2   703   578     8   714   675     6
   621   642     6   758   527     7   148   331    10
   772   333     4    82   610     5   340   937     3
   813   608     5   281   344     7    17    95    10
   211    99     9   439    23     3   215   791     7
   828   956     4   251   104     3   990   611     3
    52   424     3   377   403     2   624   297     2
   991   463    10   248   554     5   566   479     1
   731   491     2   494   993     2   412   423     7
   798   685     4   324   679     3   205   163    10
   577   450    10   261   243     8   983   403     1
   310   810     2    39   925     1   727    63     3
   543   864     4   601   652     1   834   802     5
   761   540     6    92   684     1   123   900    10
   698   806     4   302   151     4   736   148    10
   889   813     5   254   571     4   599   634     2
   582   527     7   983   742     1   367   766     4
     1    48     3    47   869     6   742    84     2
   730   594     8   322   288     7   152   478     9
   609   567     4   589   719     3   121   809     7
   445   411     4   962   685     8   317    71     9
   548   199     5   732   792     7   771   151     5
   721   319     2   255   585     3   891    79     9
   745   809     1   402   704     6   682    25     8
   597   724     8   814   362     3   226   683     2
   737   510     4   380   537     1    12    70     8
   463   260     4    76   868     6   592   875    10
   149   695     8   145   334     1   932   887     7
   727   127     5    18   575     4   732   849     1
   375   869    10   390   342     1   411   882     1
   619   447     3   277   345     6   733    86     4
   950   576     9    50   826     9   902     2     6
   225   256     4   995   124     8   590   660     5
   138   368     1   666   527     7   762   981     6
   810   977     9   163   199     8   704   165     8
   792   550     1   750    59     9   846   980     4
   951    44     9   179   842     5   142   547     9
   867   627     7    54   757     2   226   249     9
   368   348     9   674   333     7   550   869     7
   660   519     8   337   651     3   379   219     9
   552   599    10    51   525     8   788   821     5
    51   577     8   737   755     5   991   302     5
     2   740     4    79   510     3   935   839     1
   881     2     3   188   410     8   977   618     3
   755    89     3   304    89     2   571    73     6
   845   356     2   188   218    10    52   761     3
   637   917     5   383   251     8   372   238     6
   467    93     4   485   476     3   717   306     9
   415   299     7   174   944     8   506   494     1
    95   609     3   361   688     9   126   561     5
   788   238     5   782   197     5   371   458    10
   596    34     3     3   454     3    80    24     1
   689   296     5   130   167     5   799   558     6
   394   955    10   760   985     9    33   530     5
   866   747    10   847   107     5   513   811     4
   599   960     1   201   752     7    97   657     5
   550   531     3   710   780     3   196   704     2
   115   215     6    28   778     8   638   696     1
    72   303     8   952   553     6   321   200     5
   642   466    10   959   121     7   308   491     4
   809    60     6   473   859     2   289   816     1
   422    92     2    59   718    10    63   554     4
   859   302     4   958   234     1   505   417    10
   754   847    10   186   113     7   607   877     3
   831   415     4   487   484     2    80   398     3
   750   632     3   528   941     5   814   555     3
   498   900     8   316    53     7   409   162     9
   540   954     9   839   160     8   741   728     2
   916   609     4   891   998     8   327   879     2
   306   797     7   202   931     9   453   866     3
   709   198     5   193     1     4   540   829     8
   607   603     9   257   624    10    16   389     3
   729   318     9   970   826     1   394   881    10
   478    25     4   609   542     1   470   490     8
   710   215     9   203   748     2   394   148     6
   449    45     6   894   226    10   702   445     2
   719   351     7   695   288     9   270   350     1
   110   399     4   467   193     6    41   589     1
   944   414     5   964   840     6   646    49     8
   374   965     3   923   543     8   147   483    10
   951    66    10   107   605     9   171    39     9
   559    57     7   696    70     9   807   620     7
    31    20    10   549   738     8   400   518     9
   404   500     9   564   742     6    18   188    10
   593   592     8   755   402    10   353    53     2
   180   769     7   905    57     1   949   684     6
   470   472     7   433   760     4   739   463     5
   903   520     8   937   374     8   136    51    10
   470     1     7   775   428     4   502   686     5
    38   255     8   543   463    10    10   139     6
   540    86     1   302   674     8   748   293     5
   506   252     8   417   943     1   211   763     4
   254   500     1   564    29     6   556   542     2
   930   581     8   846   601     8   854   406     3
   484    62     7   374   695     7   155   365     4
   602   114     2    37   481     7   529   396     2
   886   154     9   841    47     5   890   946     4
   452   832    10   792   988     5   961    79     4
   184   262     1   904   237     1   616   596    10
   643    13     3   556   359     6   232   855     7
   973   810     8    34   175    10   303   982     4
    74   514     4   864   422     1   458   611     8
   527    52     6   888   733     5   418   318     2
   746   365     3   697   214     3   774   433    10
   916    45     5   203   915     5   365   869     1
   777   113     6   897   517     3   150   552     7
   294   699     8   573   946     1   292    74     6
   821   909     4   887   143     5   495   705     3
   345   210    10    88   701    10   539    44     5
    75   547     8   343   992     4    93   202     6
    97   468     5   170   107     5   758   148     1
   526   415     1   390   337     4   243   565     3
   759   174     8    30   116     2   318   851     4
   115   600     2   600   408    10   428   909     4
   228   539     2   560   505    10   263    80    10
   324   616     6   281   277     8   202   143     4
   990   826     8   485   277     5    73   657     3
   585   522     6   660   452     3   765   844     9
   341   871     1   715   146     8   128   845     8
   519   600     9   680   854     8   384   231     1
   894   464     6   142   957     4     7   157     5
   927   528     8   211   872     2    58   647     4
   972    75     1   378   850     6   878    60     7
   888   516     4   603   282     8   286   180     1
   521    14     5   360   812     1   667   191     9
   360    52    10   590    43     4   539   847     5
   157   647     6   838   147     5   411    21     4
    62   390     7    75   271     5   745   929     4
   304    39    10    87   587     2   518    19     6
   414   655     6   598   344     9   691   448     6
   743   328     4   528   117    10   814    37     3
   379    80     3   203   999     6    84   617     2
   467   382     6   412   234     3   943   723     9
    52   389     5   112     1     9   951   308     1
   633   632     1   533   269     2    22   320     6
   671   475     1   965   373     6   315   930    10
   222   904     1    27   738     3   175   955     5
   255   347     2   664   416     5   830   890     5
   769    38     9   402    30     4   770   544     7
   882   755     5   824   488    10   859   532     1
   158   124     5   385   827     9   732   141     2
   561    52     4   330   635     2   381   294     9
   350   898     2   239   822     9   944   185     5
    63   236     6    87   973     8   495   338    10
   730   922     8   212   805     7   393   533     7
    56   113     2   387   566     8   827   977     1
    79   551     7   654    72     1   214   427     2
   185   896     8   272    17     1   676   453     8
   585   149     2   786    15     6   977    52     5
   613   173     1   743   478     7   941   773     2
   137   774     6   612   269     2    69    60     4
   992   125     9   749   422    10    60   910     6
   685   753     3   523    34     9   648   140     9
   525   319    10   994   772     7   298   494     5
   585   641     7   507   209     8   768   361     4
   459   417     6   476   613     8   963   222     8
   359   421     9   720   950     1   367    66     2
   500   535     6   413   850     2   382   798     5
   722   855     7   252   110     3   352   194     7
   169   555     5   791   404     1   938   703     2
   413    31     5   669   999     7   717   178    10
   379   272     9    82   244     4   934   895     6
    56    67     5    50   182    10   429   636     4
   174   931     9   700   581     6   156   635     7
   769   257     8   981   654     3   847     8    10
   644   168     2   869    93     6   881   124     9
   526   781     4   619   504     3   869   628     8
   908   914     4   812   638     3   423   132     9
   477    71     6   105   875     2   791   211     4
   362   180     6   699   125     5   289   105     7
   820   974    10   505   543     6   291   945     9
   885    50    10   695   663     5   375   908     5
   757    15     8   216   662     3   967   942     5
   698   148    10   660   982     5   289    11     7
   461   979     9   975    88     4   280   781     2
   958   154     1   665   566     6   659   409     3
   572   775     1   572   163     9   272   149     8
   525   727     5   458   911    10   988    58    10
    78   771     6   769   639     3   836   360     7
   489   312     3   470   192     9   927   849     1
   328   659     5     5   276     1   758   612     5
   342   865     8   475   420     2   521   342     3
   143   356     9   202   887     3   495   246     9
   127   185     3   559   976     1   770   622     9
   217   155     9   384   588    10   259   459     6
    29    61     9   671   679     2    97   165     7
   708   138     7   221   610     1    60   596     3
   915   904     7   132   608     1   702   310     6
   414   151     2   117   482     4   390    34     2
   752   582     3   621   576     6   245   546     5
   292    64     8   737   565     7   533   954     4
   836   860     1   292   714    10   973   830     6
   376    24     2   201   822    10   714   679     8
   242   963     8   269   903     3    72   172    10
   227   144     2   862   276     7   834   916     8
   912   862     5   898   125     2   155   101     8
   682   422     6   976   472     4   329   401     2
   892   461     9   358   954    10   865   946     1
   397    27     6   589   447     4   597   822     1
   662   888     6   714   313     6    33   535    10
   767   974     5   246   221     2   281   792     8
   754    16     7   794   717    10   242   325     2
   230   276     5    32   891     7    62   723    10
   425   872     2   973   708     1   865   386     6
   446    33     1   342   555     4   544   823     3
   671   688     1   225   172     9   815   190     6
   849   697     4   311   510     3   326   740     8
   795   700     4   279   795    10   142   405     2
   405   881    10   111   327     5   549   867    10
   701   632     1   719   774    10   538   591     8
   382   367     7   147   748     9   303   597     7
    46   353     7   646   478    10   867   704     4
   986   288     6   793   241     7   272   443     1
   333   937     5   622   560     7   714   689     4
   193   528    10    16   695     3   565    44    10
   151   153     4   101   240     2   230   240     7
   264   811     5   987   619     6   793   790     8
   949   189     5   238   589     4   823   982    10
   694   657     1    50   452     2   403   179     9
   882   547     4    24    93    10   833   302     5
   762   817    10   322   270     1   338   411    10
   835   270    10   310   551     2   880   230     5
    38   468     8   475   828     6   262   917     5
   222   794     5    16   469     5   424   958     1
   211   973     5   909    33     3   183   594     5
   460   900     9   924   491     7   738   926     6
   516    85     1   327   469     8   372   754     3
   890   858     3   415   473     3   748   827     8
   741   535     5   602   877     9   800   320     8
   957   683     9   474   658     4   540   996     8
   778   460     2   543   173     2   359   184    10
   775   710     5   692   933     9   484   670     3
   165   293    10   169   279     8   148    69     7
   645   721     7   254   877     1   263   776     6
   902   803     5   439   455     8   608   940     1
   813   638     2   158   634     6   169   992     2
   937   586     1   206   110     7   648   204     9
    60   744     9   813   748     2   549   510     5
    21   865    10   633   596     3    68   871     9
   911   651     4   949   304     8   603   344     8
   662   861     9    89   815     6    93    75     8
   383   564     9    61   644     6   552   123     3
   771   263     9   117   775     6   640   378     3
   465   708     2    62   256     6   465   461     9
   101   523    10   197   565     7   724    75    10
   354   795     8   304   223     7   748    92     8
   363   764    10   318   293     4   206   104     6
   347   390     9    37   193     5   986   220     5
   517   911     9   139   301     2   720   517     3
   899   522     1   135   334     2   185   973     6
    82   375     8   575   279     7   198   990     3
   117    66    10   383   159     3   972   906     3
   288   865     1   611    88     4   828   308     2
   676    98     3   291   819     2   638   107     5
   644   162     7   864   269     9   934   140     5
   322   419     9   869   598     7   862   983     5
    19    18     6   485   529    10   291   121     2
   718   845     5   753   384     7   869   861     9
   124   557     3   213    37     5   983   383     3
    31   531    10   399   867     7   101    26     4
   938   210     3   337   618     1   337   131     4
   744   143     5   706   658     5    12     8     1
   253   514     1   831   147     7    11   201    10
   211   873     7   196   420     1   280   444     1
   971   291     9   338   229     3   132   212     5
   951   354     2    20   622     1   971   302     1
   179   375     1   428   196     5   596   134     6
   537    73     3   352    97     8    18   673     7
   920   325     5    84   777     8   164   632     9
   609   245     1   279    24     4   130   188     6
   171   843     9   222    44     7   725   938     9
   344   282     4   401   848     7   498   345     9
   698   291     8    36   956    10    17   203    10
   327   415     3   410   606     6   849   452     6
   601   476     3   768   154     2   292   436    10
    52   294     2    24    55     3   998   900     3
   545   812     1   452    52     6   719   625    10
   697     9     4   941   600     8   524    92     9
   937   739     6   845   559    10   316   245     6
   108   315     7   408   435     9   972   402     3
   251   901     1   522   481     6   204   830     2
   313   525     9   827   187     2   329   275     2
   203   383     2   937   593     2   229   303     1
   125   142     2   430    10     6   564    33     8
   501   583    10   821    44     2   143   951     6
   579   915     6   818   438     4   889   521     7
   367   330     6   559   292     1   885   710     1
   375   452     4   852   322     9   683    38     4
   120   604     4   124    72     2   202   890    10
   802   221     8   349   303     6   232   544     5
    27    67     9   897   857    10    78   184     2
   299   548     5   187   873     2   523   732     3
   892     5     5   375   137    10   824   216     5
   843   611     3   970   780     9   720   887     9
   459   847     4   583   556     3   704   186     7
   604   981     6   817   710     7   944   518     4
   280   620     1   543   381     1   444   390     5
   952   512    10   131   452     9   720  1000     3
     3   871     8   311   374    10   352   116    10
   284   572     9   321   348     6   356   699     9
   332   572     1   809   709     4   747   391     4
   804   489     6   653   936     1   153   740     6
   755   405     1   525   235     7   196   107     1
   350    72     9   620   252    10   298   798    10
   607   549     5   862   841     7   499   158     8
   444  1000     9   988   651    10   749   921     7
   752    69     3   224    74     9   628   924     8
    10   416    10   426   525     9   128   238     5
   690   411     6   924   512     9   629   538     8
   601   970     6   320   909     4   699   255    10
   178    35     3   623   943     8   164   742    10
   660   856     3   175   972     4    85   902     8
   791   792     1   730   487     6   859   481     4
   331   614     1    38   309     7   752   208     4
   537   386     1   937   845     4   575   649     1
   554   301     9    59   359    10   203   287     8
   593   679     2   292   380     4   142   111     2
   388   681     7   896   288    10    86   646     8
   973   712     2   933   647     1   962   455     7
   982   550    10   395   651     3   495   993     4
   814   966     3   555   998     9   526   187     1
    33   601     1   596   471     1   986   780     8
   843   279     8   406    61     3   268   526    10
   754   736     4    99   534     8   501   864     7
   209    98     2   571   697     4   646   841     5
   841   307    10   109   180     5   386   616     9
   879   275     5   777   887     5   334   353     9
   677   592     9   885   278     5   629   542     8
   913   907     3   618   547     8   787   879     1
   757   919     8   107   336     5   563   677     6
   549   571     3   319   111     4   705   284     8
   541    82     6   587   555     9   897    16     9
    68   377     8   806   297    10   947   158     6
   150   397     6   687   515     3   921   977     3
  1000   647     9   736   497     7   535   342     5
   162   629     9   862   269     5    81   126     5
   633   549     8   434   658     7   521   607     6
   700   658     5   477   697     6   203   701     7
   926   223     3   129   545     5   824   393     2
   527   613     3   120   675     6   579   449     5
   871   223     4   148   542     5   502   423     1
   897   751     3   243    61     4   123   456     9
   113   626     6   856   420     9   133   662     8
   906   850     1   784   570     6   987   352     8
   173    84     4   546   835     7   249   333     2
   869   360     5   508   146     4   133   784     2
   879   610     7   885   105     8   472   108     3
   409   382     4   399   405    10   775   899     9
   200   881     7   977   279     8   298   933     1
   950   284     5   456   818    10   598   492     2
   234   772     4   397   755     1   510   373     3
   172   793     3   609   592     6   290   294     1
   683   278     7    85    80    10   895   855     7
   227   338     5   445   388     1   300   445     5
   906   589     1   603   388     6   891   754     6
   986   254     4   882   839     2   240   141     2
   987   845     3   257   208     1   306   729     9
   464   339     6   896   180     7    89   456     2
   266   563     5   609   604     9   626    55     4
   388   169     6   874   106     4    81   542     9
   497   651     4    27   702     9   816   668     3
    54    94    10   775   950     6   194   818     4
   160   989     4   188   238     1   245   671     1
   338   354     8   730   919     6   232   185     9
   344   385     3   217   904     8   963   673     3
   553   437     9   403   369     9   827   243     2
   423   964     9   465   589     5   981   134     6
   392   617     5     2   810     9   465   597     5
   487   475    10     3   976     9   161   323     2
    40   908     5   438   837     3    96   667     7
   816   810     9   616   225     6   516   586     2
   746   922     4   345    11     7   450   781     5
   990   971     5    73   315     5
