            1
          500        1000          10 103
     176     341     118      21     209     466     199     394     268       9
      26      74      97      45      32      65      47      54      78      86
    72   288     5    72   119     1   238   119     3
   238   194     2   288   340     1   317    72     5
   176    72     6   194   299     6   119   212     8
   176    84     1   371    72     3   229    72    10
   176   440     7   366   212     7   174   317     6
   224   317    10   234   238     8   303   340     8
   176   188     4   340    61     3   117   176     2
   257   317     6   183   371     5   316   212     5
   340   295     1   383   288     8   212    77     6
    47   366    10   195   366    10   174   150     5
    37   229     9   384   234     6    84    79    10
   229     5     8   304    37     3   250   183     3
     5   296     7   176   348     9   143    84     3
   371   202     7   250   214     3    40   296     8
   326   340     5    37   442     3   440   218     2
    65    72     4   400   117     4    63   195     5
   218   167     5   195    59     7   140   400     9
   280    59    10    61    46     9    40   375     1
   406    84     5    79   357     5    40     2     2
   422   440     5   314   143     6   143   159    10
   174   320     1   140    69     4   224   197    10
    67   304     8   195   146     3    70    69     3
   182   150     5   343   214     5     2   177     4
   309    65     7   327   195    10   422   392     7
    21    77     2   299   447     9   327   418     3
    69   464     5    69   324     2    25    47     5
    67   272     6   218    98     5   197   336     1
   218   318     2    38    70     8   340   374     5
   197   381     1   150   352     3   455     5     3
   442   412    10   177   211     2   207   309     5
   316   347     5   316   284     6   140   421     3
   244   343    10    61   276     1   175   340     6
    18   207     5    72   365     7    69   394     8
    88   400     3   176   420     7   280   161     8
   464   402     8   161   389     6   188   444     7
   343   349     4   368   159     7   371   473     3
   131    69     9   120    59     1   338   295     8
    63   376    10   329   365     4   470   418     5
   202   390     9   365   111     9    67   398     7
   209   176     8   100   207     6   320   480     5
   402   437     6    81   150    10   316   354     7
   304   198    10    43   442     8    56   272     3
   249   336     9    11   389     8   300   211     4
   212   377     7   105   197     4   421    16    10
    21   482     7   175   407     1   182    90     3
    74   194     3   347   494     5   178   473     6
   175   254     5   426   202     6   307   174     4
   234   243     6   314   158     3   224   267    10
    87   117     5   315   354     1   121   473     3
   234   225     7   244    86     5   392    78     8
    67   310     1    20   464     6   309   148     6
   461    69     8   435   111     8   139   296     1
   157    81     1   194   427     9   120    97     3
   132   119    10    16   434     2   393    70    10
   422    28     4   240   318     5   235   197     9
   436   225     5   398   201     3   270    65     6
    14   288     7   284   203     5   106   318     9
   257    83     2   489    46     7   100    54     5
   477    47     5    13   347     7   174   459     4
   312     2     5    53    11     7   194   172    10
    72   145     4    28   273     2    72    82     1
   293    77     6   154    81     1   476   348    10
   116   406     9    38   499     5   273   169     8
   335    53     5    20   430     6   407   333     4
    83   181     2   420   271     4   348   451     9
   455    60     3   387    46     5   248   105     2
    42   343     6   250   230     8    73   169    10
    86   266     3   426   358     1   490   333     5
    32   270     1   357   208     9   240    94     8
   248   173     4    62   273    10    57   266     8
   463   327     2   430   237    10   131   441     6
   490    30     5   315   332    10   350   296    10
   289     5     8     6   354     4   178   171     2
   485   280     4   302    69     3   430   363     4
   336    75     8   419   280     7   413   315     9
   285   374     7   134   480     8   299    15     2
    54   370     2   374   445     1   494   290    10
   234     1     5   335   141     7   304   261     9
   228   272    10    81   369    10   449   267    10
   456   333     7   244   264     3   498   307     4
     3   316     3   394   443     3   221   350     8
   239   235     2   137   167     8    52   225     4
    82   223     5     8    87    10   210   276     1
   179   400    10   354   308     9   493   366     3
   240    19     7   457   181    10   121   213     5
    65   138     7   264   133     2   354   328     7
   397   377     6   470   454    10   129   248     7
    24    38     5   376   341     7    58    62    10
   309   112     4   336   483    10   386   293     3
   114    87     4   308   388     4    23    52     9
    17   324     6   140    22     2   167   475     2
   477   488     5   257    45     1   238   364     9
   267   101    10   222   290     4   277   302     7
   213   147     4   466     5     2   343   401     1
   221   298     5   280   474     7     9   276     5
   306   257    10   473   404    10    31   459     6
   373   197     4    55    45     4   384    71     3
   437   491     9   487    84     2   197   424     2
   210   395    10   380   111     5   226   341     7
   276   346     1   143   253     9   173   185     6
   323   451     9   479   195    10   419   409     7
   319   106     3    81    85    10   199   434     1
   247   333     1   254   149     2   291   461     7
   160   390     6   262   182     1   257   465     1
   243    48     3   357    44     4   373   453     9
   458   172     2   136   343     8   224   166     4
    19   227     3   283   213     6   500     6     2
   225   274     2   237   156     6   442    26     6
    99   169     4    88    95     3   243   439     6
   154   278     2   244    89     8    76   211     7
   162   277     3   152   303     3    76    34     6
   267    35     2    14   155     5   286   177    10
   445   113     6   361   309     8   146   282     8
   117   486     2   350   431     2   236    25     1
   294   473     7    46   126     4   226   325     8
   210    68     2   275   121     5   134    92     4
   482   245    10   147   219     3   371    80     2
   418   193     1   300   256     1   128   456     4
   413   460     4   152   378     4   457    93     9
   346   268    10    29   487     4     5   251     1
   416   169     8   498   292     8   215   211     3
    35   301     5   216   117     9   172    27     7
    46   190     2   311   323     9   314   484     1
   493   279     8   128   135     6   447    10     8
   214     7     5   220   133     6   252   238     3
    78   382     5   380   405     2    66   159     1
    49   294     8   228   107     5   219   233    10
    12   117     5   217   387    10   367   230     1
   497   384     5   395   130     3   170   335     6
   284   151     9   428   352     5   403   169    10
   134   206    10   107   471     9   313   228     5
     9   462     5   476   399     7   454    64     6
   122   275     4   438   216    10   398   124     1
   142   380     4   217   186     7   367   115     5
    64   344     9   360   462     5   421   242     3
   469   426    10   299   339     8   159   104     4
   118   243     6   265    67     9    40   492     9
   356     9     2    34   297     7    50   282     7
   154   481     5   355   206     4   118   102     9
   437   192     4   408   380     5   127   303     9
   232    35    10   337   479     8    90   281     7
   100   123     4    96   485     2   438   432     6
     4   340     1   496   498     7    90   391     1
   446   150     8    45   423     1   147   196     1
   322    18     1   483   231     8   260   426     4
   175   258     7   287   117     7   407   110     6
   267   144     4   156   353     6   345   327     6
   179   305     9   289   205     7   411   194     2
   168   470     2   241    72     6   330   114     5
   468   147    10   315   334     7   498   321     1
    49   331     7    91   455     8   372    31     9
   385   400     3   311   433     6   393   184     1
   116   351     7   429   465     4   212   200     5
   189   389     6   190   187     1   414   444     8
   463   379     1   191   468     4   176   452     5
   405   495     6   300   425     5   467   414     2
   450   371     1    74   359     2   362   166     7
   199    39     3   342   101     9    72    51     3
   396   468     2   246   308     6   272   180     6
   255   329     1   296   269     3   291   478     8
   303   259     9   410    91     9    25   204    10
   153   227     4   377   165     4    36   476     9
   193   448     5   448   103     3   108    71     8
   164   244     7   496   415     1   273   417     8
   109   326     5   125   452     7   145   472    10
   263   425     9   359    33     9   137   163     5
   293    41     5   385   338     9   138    77    10
   427   216     4   203    81     1   488   179     6
   400   431     9   121   366     9   219    27     2
   188   173     9    98   360     9   401   406     2
   177   103     5   102   292     3   144   465    10
   321    43     1   205   281     2   198   208     3
   241   246     5    98   210     7   470   345     3
   353    39     3   256   464     8   361   364     2
   390    65     1   126   220     4    88   120    10
   146   390     2    56   268     7    69   273     9
    71   308     6   231   377     6   204   448     7
   484   376     4   478    33     6    13   320     7
     5    81     8   176   315     6     5    40     2
   127   298     5   396   130     1   373   309     7
   116   355    10   455   454     7   296    73     3
   284   472     7   491   290    10   215   193     6
   271   387     1    80   229     6   371   247    10
    86   254     7   154   460     9   142   166    10
   184    84    10   165   363     6   344   117     6
   146    53     6   343   210     9   176   235     1
   286   136     4   500     7     3    30   256     3
    70   438     9   408   342     5   167   417     5
   318    33     5   150   345     5    47    91     5
   289   131     8    82   315     5   274   423     7
   189   255     7   302   449     7     6    54     1
   475   294     2    38    65     8   197   453     6
    92   103     2   224   163     4   383   228     5
    59   348     8   311   466     3   135   360     4
   332   324     5   164   415     6   266   458     8
   128    99     3   384   399     4    40   215    10
   159    80     1   474   207     9   351   199     6
   163   311     1    36   290    10   416   146     6
   300     4     3   379   169     9   495   450     8
   362   168     6    90   106    10   372   354     5
   189   372     1   213   457     3    98   167    10
   426   296     3   375   364     4   174   483     7
   208   164     3    36   488     9   352     9     3
   252    45     7   133   373     9   396   254     8
   250   106     8   214   330     8   257   423     5
   278   181     6   109   486     4   160     9     3
   410   226     3   289   291    10   494   404     3
   470    40     9   409   407     8   220     5     9
    73    43     9   284   311     1   237   157     7
    77   132     4    89    76     3   191   240     7
   156    83     8   209   498    10   188     3     3
   409   448     6    18   489     5   154   130     6
   271   246    10    15   204     3   387   237     9
   439    84     5   421   344     3   133   380     5
   481   340     9   408   265     5   437   440     6
   241   496     1   224   493     8   440   215     8
   451   344     5   309   342     3   146   349     2
   425   203     9    64   357     6   276   194     2
   279   488     3   317   450     4   131   234     9
   146   318     2   429   252     7   292   143    10
   191   419     6   443    11    10   406    58     2
   239   308     4   226   444     9   215   492     7
   144   481    10    26   118     5   105   143     6
   482   233     4    20    73     7   319   266     3
   157   444     4   344   170     4   164    79    10
   409   159     1   428   120     3   221   155     5
   320   315     7   142   464     4   403   329     1
   331   273     4   189    37     3   455   360    10
   358   427     3   418   460    10   353   332     5
    87   354     2   298   372     8   140   477    10
   116   118     6   120   137     6   370   233     1
    13     7    10   145   296     3   198   420     6
   223   175     8   337   168     8   419   387     9
   500   471     5   149   421     9    82   172     3
    40    46     4   101     5     5   344   311     1
   445   412    10   441   456     6   355   103     9
   338   427     3   399   335     7   365   352     9
   262    72     8   464    50     6    24   384     9
   293   312     2   414   491     8   363   325     6
   293   342     1   110   392     3   399   461     3
   276   163     4   161   464     1    86   228    10
   349   162     6     6   258     5   312   217     4
     6    32     7   154   357     3   350   457     3
   173   391    10    56   462     4     6   185     6
   287   409     8   376   344     9    71   398     5
   119   375     7   410   188     6   325   486     8
   291   207     5   465   431     6   244   395     9
   457   292     4   301     6     5   392    85     5
   486   408     2   304   226     4   132   283     4
    76   326     1    40   441     9   313   236     9
   192   370     2   448   495     4    24   297     1
    55   328     5   446   444     8   313   111     2
   187   231     9   460   261     7     2   219     9
   362   481     4   312    73     6   485   343     6
   398   213     7    14   298     2   417   360     8
   225   493     8   302   266     3   118     3     7
   200   192     4     9   257    10    95   205     9
   375   472     2   178    21     2   498    15    10
   215   282     5   150     3     1   484   215     6
   442    31    10    32    25     4   437   353     9
   127   198     2   116   258     9     4   153     4
    83   377     2    88   457     6   360   194     2
   134    32     3   206   117    10    59   465     2
   156   236     7   142    86     7   143   110     6
   179   351     3   170    99     9   374   485     1
    68   404    10   208   280    10   414   329     3
   401   122     6   195   242     5   238   279     9
   395   305     2   445   439     6   166   119     2
    92    58     5   276   125     6    67   250     4
   474   198    10   249    94     6   426   138     6
   262    91     5    56   170     3   151   303     6
   319   299     5   437    54    10   183   195    10
   175    11     3   370   491     6   188   261     3
   119   147     7   309    28     5    60   431     7
   451    43     5   375   433     9   137   106     4
   494   120     8   330   154     6   421    50     3
   293   341     5   475   262     3   457   113     9
   271    84    10   383   267     2   278   309     5
   464   148     5    58   179     3    62   177     4
   181   435     8   480   418     3    13   214     9
   464   127    10    95   150     7   232   459    10
   332    66     8   486   356     7   454   492     9
    79   349     1   250   205     7   353   232     2
   130   366     4   102   220     8    79   387     3
    90   459     9   156    60     6   417   282    10
   379   481    10   206     4     8   337   143     8
   283   292    10   404   235     2   111   285     2
    86    25     4   489   296     2   328   409     3
   368   409     1   411   228     4   269   395     8
   177   322     5   356    97     8   246   269     3
   116   145     6   297   105     7   375   189     2
    79   217     2   483    69     3   217   206     5
   460   277     1   118    38     4   263   450     5
    64    76     3   179   467    10   323   376     2
   150   385    10   285   483     2   483    70     4
   133   411     2    42   268    10   125    80     7
   117   123     8    86   107     4   401   333     8
   242    32     3    29   135     7   229   457     8
   300     2     9   233   458     3   252   409     4
   457   261     7   413   388     4    14   368     9
    39   294     8   144   190    10   153   453     3
   225   245     4   133   482     5   380   357     2
   405   376     9   384   417     3   258    60     6
   392   195     4   486   216     5   410   344     2
   228   247     1    31   476     8   192   453    10
    41   134     8   496   304     1   262   406     3
   497   106     1   256   270     6   358   206     2
   143   118     6   202   248     7   318   291     2
   264   234     2   107   446     7   188   332     5
   122    35     3   285   377     9   314   110     4
   307    68     5    77   431    10   118   272     6
   201   147     9   367   205     8   379   116     5
   288   265     6    75   312     3   178   400     2
   335    73     3   102   347     3     3   433     1
   164   381     8   373   109     5    42   350     1
   384   297     9   457   429     3   380    40     6
   102   171     3   290    80     6   377   298     3
   435   213    10   385   115     8    80   455     5
   493   232     3   375   456     6    85   106     8
   317    44     3    11   286     7   360   436    10
   190   241     5   336    23     9   107   449     8
   239   412    10   225   409     6   420    28     6
   306   181     5   157    75     2   463   273     1
   160   451    10   443   290     4   454    88     5
   226   322     6   261   250     3   243   138     1
   212   446     4   496   300    10    92   208     4
   296   470    10   387   191     1   319   254     7
   337   467     8    55   372     1    14    71     7
   488   475     3   418   110     5    22   389     2
   173   480     3   308   130     6   283   238     4
    95    30     3    65    98     3   359    94     8
   426   125     6    91   218     7   285   351     6
   341   370     5     1   136     2    80    26     5
   220    96     7
