            1
          500        1000         250 859
     113     478     389     279     383     178     214     337      47     377
     167      56      22     363     123     481      73     206     359     255
      54      67     236     212     309     368     100      21     376     292
      37     486     101     175     356     105     119      55     164     475
     465     216     391     416     260     224     390     150     489     217
     179     468     162     268     302     381      12     201      77     303
     218     470     124     183     418      24     411     436     126      74
     422     375      53     338     370      75      82     300     473      42
      11     130     251     156     284      65     351     266     331     330
     490     333     361     429     185     327     380     282     291     385
      80     414     280     301     160      26     427     135     449     477
     141     410     249     353     323      66      35      95     372     219
      88     169      52     190     399     450     491     121     264     407
     211     382     153     367      57      90     228      43      68     343
      61     222     296      23      89      39      18     290     365     379
      34     223     281     139     469     271      84     145     354     384
     245      98     234      28     448     247      92     269     170     447
     405     342     225      99     202     497     360     275     177     287
     254     209      45     433     118     221     250      44     181      13
     352     386     444     244     454     341     200     278     310     253
     484     229     248     176     295       3     288      41     122     133
     474     120     378     159      60     294      36     127     198     116
      46     237     393     369     276     397     409     168     166     262
     364     203     110      63     322     402     241     161     394     158
     428     463     425      93     220     238     311     464     362      83
       3       7       9       5       3       6       5       5       8       8
       6       7       8       8       3       1       9       1       7       8
       1       5       3       4       5       6       8       3       9       3
       6       5       9       3       7       7       1       5       3       2
       3       2       8       7       2       6       9       4       4       6
       3       2       6       9       7       7       1       6       8       6
       5       3       6       1       2       3       7       2       2       7
       4       7       7       9       6       7       4       7       9       7
       9       1       6       1       2       9       4       6       1       8
       4       6       5       1       7       4       6       8       5       1
       1       3       1       8       7       6       4       7       8       8
       9       6       3       4       1       3       3       8       4       1
       7       4       9       7       9       1       6       1       6       8
       7       9       1       4       8       9       5       6       2       9
       6       5       8       1       1       3       1       6       2       9
       1       2       1       9       3       8       5       4       9       4
       8       3       4       3       4       3       4       7       1       3
       2       4       7       5       1       2       9       6       1       2
       3       9       2       3       3       2       5       4       2       4
       6       5       9       5       8       1       2       4       9       1
       4       8       8       7       9       4       1       4       3       9
       6       7       3       7       7       2       7       7       6       1
       1       6       6       4       9       2       4       6       3       9
       2       6       3       4       5       9       5       7       2       7
       6       9       5       5       2       2       8       9       2       6
   402   192    10   192   440     8   402   204     6
   272   204     3    59   204     5   402   111     4
   342   192     1   281    59     5   192   355     4
   188   111     1   111    57     9   440   475     9
   355   301     4    58   204     4   402   122     2
    36   188     5   226    58     6   425   402     9
   272   354     5   290   354     9   392   204     4
   192   239     5   440   498     5   354   407     1
   487   498     3   440   397     5   440   107     8
    63   226    10   272   429     9    63   395     8
   265   122     6    52   397     9   281   108     4
   440   433     7   301    94     1   386   272     4
    57   273     4   438   192     1   175   111     5
   301    75     6   430   440     7   475   205     8
   281   289     5   239   489     6    90   487     1
   274    90     9   122   202     2   407   152     2
   171   226     9   274    27     3   467   475     8
   387   202     8   430    80     6   468   425     6
    36   374     7   164   273     1   157    52     2
   449   438     2   246   489     3    96   467     1
   137   374     9   152    73     7   487   284     6
    80    40     9   301   217     9    59   412     1
    71   449     4   341   171     4   433    13     4
   427   205     1   390   107     1   309   205     9
   460    13     5    58    86    10   367   498    10
   237   425     8   364    96     5   483    52     9
    63   358     8    19   449    10   111   474     8
   489   127     3   367   380     3   151    86     5
   491   367     2   295   164     5   163    59     7
   217   227     9   234    96     3   418   487     5
    65   412    10   247   392     7   407   353     4
   390   249     8    40   369     3   107   371     7
   223   427     9   325    58     7   330   192     8
   100    40     4   304    52     5   369    93    10
   301   400     7   137    61     7   164   370     6
   309   181     5    32    73    10   375   108     9
    46   273     2   157   434     7   295   442     6
   171   477    10   108    44    10   325   328     5
   191   489     4   320   342     5   318   370     4
   148   290    10   220   247     3   357   217     9
   477    78     5   100   123    10    27   383     7
     6   247     2   309    53     4   164    50     1
   355   225     1   225   360    10   462   468     5
   489    74     9   224    93     1   176    59     8
   355    17    10   269   289     5   369   248     8
   171    88     5   462   113     5   332   247     1
    19    33     9   313   367     5   152   214     7
   490   318     4   178   386     6   432   425     3
   192   156     9   267   427     5   267   116     6
   151   177     1   225   150     9    98    59     3
   191   316     1    43   227     5   332   456     9
    74   350     7   301   445     7   407   421     5
   482   304     8   220   194     8    13   398     5
    67   412     2   148    48     8   430   261     7
   270   387     2   336   438     1    29   316     5
   208    50     2    91   374     5   205   146     7
   485   421     5   425   366     6    63    77     8
   104   482     8   279   156     7   205   394     8
   188    84     3   223   159    10   330   405     9
   251   360     1   457   152     3   304   486     9
    29   252     3   499    59     6   118   188     8
   380   222     2   374   411     9   251   195     5
    78   329     2   354   389     8   301   169     1
   125   490     8   276   252     6   371   119     1
   495   237     8   247   334     1   181   282     2
   102   188     1    52   291     4   191   277     1
   460   255     8   308   412     4    52    81     9
   115   176     4   255   286     5   379    43     4
   353   420     5   166   325    10   274    72     9
   433    54     3   265   244     4   237   410     9
   237   259     3   341   478    10   430   165    10
   275   279     9   487   319     7   306   386     3
   417   286     8   234   229     6   165   120     9
   192    45     8   295   149     8    67    55     1
   158    96     8   265    85     3   259   299    10
   326   425     7   329   258     1   362   301     6
    78   179     3   104   143     2   496   273     5
    17   441     7   481   498     2   334   388     8
   268   208     7   388   339     6    46   337     5
   434   155     6   103   152     1   267   292     4
   158   343     2   421   399     3   257   341     7
    54    62     2   181   384     9    74   206     7
   300   308    10    63   196     3    85   271     2
   338   270     1   412   324     3   136   379     6
    10   491     8   401    19     4   297   442     1
    19   278     9     9   474     5   455   489     7
    52    99     9   332   285     9   154   136     4
   218   227     7   253   272     2   466    93     5
    17   288    10   120   199     5   155   161     8
   160   374     2   221   417     1   467   413     7
   346   272     6   387   287     7   396   397     5
   286   381    10   183   224     1   292    20     2
   401   213    10   110   389     2    32   465     6
    73   464     5   310   161     1    32   424     9
   155   241     1   259   423     5   365   295     6
   329   198     1   429    16     8   354   314     8
   232   491     2   303    53     2   243   155    10
   380    49     5   468   235     2   488   178     7
    29   447     9   139   442     8     6   233     4
   355   187    10    68   367     9    70   455     8
   359   269     7   472   103     3   261   500     6
   231   388     5   331   290    10    82   218     3
   283   434     5   115   101     2   129   332     6
   137   153    10   453   239     9   334   296     7
   475   406     5   372    90     9   493    98     2
     9   351     2   176   182     7   428   325     4
   217   105     2   183   479     9    58   254     8
   202   172     7   237   264     6   220   186     1
   227   415     6    85   344     1   280   440    10
   109   350     5   257    42     1     6   393     2
   283   322     4     7    73    10   349   110     9
     1    61     7   308   189     5    62   293     9
   118    22     4   338   473     9   440    87     4
    92   178     1    11   372    10   329   476    10
   350    95     5   396     2     4   313   368    10
     5   172     2   471   202     9   261   444     9
    13    39     9   320    18     9   276   207     8
   469    44     3   497   182     9   388   459     2
   314   238     7     8   108    10   131    74    10
   307    77     7   216   346     6   141   442     3
   174   360     6   436   141     3   297   333     1
    21   182     3   419   360    10   362   311     2
   106   350     1   378   174     7     9    64     2
   428   317     8   170   453     6   430   340    10
   133   329     1   310    12     8   147   233     5
   291   356     5   469   128     6    47   175     3
   361   278     6   439   479     8   458   191     6
   315   291     9   410    56     8   286   382     8
   312   301     6   298    32     9   452   455     2
   337   124     6    41   269     6    34   320     3
    78   211     1   453    15     8   470   384    10
    23    50     8   117   400     4   246   138     4
    92   409     4    30   341     6   433   408     7
   108   228     3   320   162     3   219   343     8
   262   407     7   308   132     1   437    22     7
   321    48     7    80   250     3   375   352     5
   491   302     1   175   168     1    53   197     9
   484   237    10   333   142     8    47   185     7
    41   201     8   212   441     5   303    28    10
   230   444     4   195   404     1   114   389     2
   202   422     3   164   203    10   349   448     1
   230   173     3   450   136     6   149   451     8
   466    89     5    31   176    10   354   145     4
   236   378     8    24   478     3    16   209     5
   218   494     9    15   454     9    51   273     7
   245   325     1   426   218     1   443    59     1
   275   200     3   480   332     8   221   323     2
   260   159     7   242   133     6   363   401    10
   135   491     9   432   140     1   211   403     3
   182   193     3   294   475     6   187   121     9
   263   404     3   289   435     8   457   414     5
   305   291     7   210    82     3   225    83     4
   180   219     2   112   298     4    79   121     8
   335   409     8   134   472     5   446   351     3
   345   269    10   167   319     3   393   391     4
   240   387     9   241   373     2   431   320     3
     4    74     1   130   173     6   348   364     7
   247   144     2   126    70     9   358    25     1
    26   181     5   376   275     7   127    38     2
   148    37     7   262     3     6   215     8     4
   497    76     9    18   190     1    45   327     8
   377   318     1   385   471     4    69    75     6
    97   289     6    73   184     8   416    50     1
   196   461    10    66   484     7   409    35    10
   463    13    10   266   317     9   492   114     4
    14     7    10    92   256     8   453   347     6
    60   226     2   126     3     9   129   389     9
   232   343     2   177     1     2   283   181     1
   126   388     7   228    13    10   153   179     7
    38   146     5   159   170     1   123   175     8
   237   152     5   283   475     5   372   346     5
    27   413     9   367   486    10   226    75     8
    23   140     8   435   236    10    94    57     5
    56   138     9   471   325     8   129   436     6
   393   478     2   165   371     7   393   394     5
   240   176     5    64   224     9   357   169     9
   464   300     7   500    19     5   283   345     2
   361   263     1   342   468     5   164   148     1
   118    74     5   324   221     1    38    70     6
   162   233     9   197   453     4   350   127     3
   144   123     7   495   215     2   413   332     2
   136   355    10   222    11     2   392   335     2
   312    30     7   103   106     3    49   198     2
   201   474     1   484   448     5   106    78     9
   129   112     7    55   409     8    40   480     8
   371   249     3   239    86     9   148    60     5
   147   474     2    52   142     4   446   362     7
   480   334     6   293    38     2    27   221     7
    31   115    10    98   410     7    11   151     4
   463   488    10   235   492     9     4   495    10
    95   120     6   342   318     3   290   260    10
   246   457     2   332    42     4   500   182     9
    78   322     2   366    12     3     4   276     8
   329   268     9    46   468     6   463   212     7
   426   486     3   249   238     3   121     9     8
   452    59     6    37   435     4   249   121     2
   316   116     8   190   115     2   322   337     8
   239   290     1   139   378     5   101   340     4
    68   307     5   215   403     5   262   130     1
     4   488     8   414    40     7   250   268     8
   390   184    10   138   203     2    10   223    10
   425   154    10   498   149     1   251   430     9
    16   418     7   178   440     7   241   153     2
    81   488     4    21   466     8    10   464    10
    78   254     4   343    73     2   380   218     9
   327   437     8   318   459     7    95   257     6
   401   222     6   183   189     5   500   252     6
   330   284    10    14   442     3   397   287     1
   222   418     5   170   279     6   447   157    10
     1   164     4   438   280     5   168    65     3
   447   296     7   151   317     6   321    89     1
   230   343     3    49   320     9   343   403     9
   313    73     3   254   215     9   452   152     6
   255   322     7     1   248     6   424   294     9
    46   109     3   458    42     3   319   158     4
   240    96    10   196   397     9   149   381     9
   340   232     9   187    25     1    21   305    10
   376    89     3    64   432     5   386   301     1
   271   194     2   435   319     2   209    31     1
   363   110     3    28   385     4   326   426     8
    92   114     7   310   404     1   144   305     6
   241   480     6   476   190     8   119   228    10
    92   200     4   389   439     9   231   408     1
   351    65     3   163   406     6   287   179     3
   163    62     8   184    80     8   208   425     9
    66   170     9   454   334    10   473   276    10
   482    32     4   490   482     3   206   287     9
    73   126     5    59   217     7   182   425     7
   216   200     2   155   224     5   474   265     3
   305   339     7   269   452     1   333   122     6
   196   424     8   105   427    10   128   399     4
     3   432     6    72    49     3   458   483     8
   490   113     4   196    17     8   105   102     6
   190   214     8    98   499     3   198   299     3
   117   100     7   389   405     2   427   364    10
   100    48     7    71   398     5   494    15     7
   350   212     9   139   218     2   346   445     7
   263    48     8   498   376     3   127   239     7
   129   416     1   360   331    10   331    68     1
    50    48     1   171   224     5   200   367     6
   291   473     5    90   281     5   498    55    10
    24    12     3   109   366     3    72   207     1
   296   492     4   291   280    10   337   206     5
   329   291     8   399   438     7   111   391     1
   333    79     2   203   227     7   115   181     7
   500   451     2   173   151     1    16   119     9
   132    15     3   452   168     2   121   199     8
    12   139     9   116   125     4    52   393     6
    44    40     6   364     7     9    11   133     3
   132   377     6   235   396     7   416   190     6
   175   496     5   366   221     3   321   347     1
    15   357     3    80   261     6   193   401     5
   119    63     7   495    57     6   140    64     9
   371   310     3   207   206     1     1   464     8
   110   418     2    29   459     9   137   482     4
   146   136     5   196   177     8    63    66    10
   367    59     2   185   230     3    33    22     6
    44   441     8   206   260    10   498   364     4
   204   217     7   114    26     2   245   293     3
   308    89     1   153   397     8   383    39    10
   419   484    10   415    92     4   418   432    10
   463    82     5    13   287     7   408   166     8
   256   464     1   196   222     2   236    78     1
   201    59     6   298     2     5   418   288     6
   371   275     3   235    28    10    72   253     5
   267   279     3   345   247     1   137   145     5
   488   490     1    28   374    10   199   226     1
    28   306     4   427   340     1   107   399     3
   379   100     9   377   289     5   477   382     8
   197   409     2   468    20     6    30   416     1
   378    15     6   129    36    10   371    31     3
   393   188     4   393   374     6   410   336     4
   250   152     6   466   176     2   159    67     9
   378   195     5     2   284     2   164   220     4
   500   214     1   219    33    10   143   389     5
   342   168     9   308   445     6   463   168    10
    14   234     1   116   421     2    23   483    10
   209   486     7    36   382     2   405   392     7
    34   215     9   314   269     2     1   396     8
   416   244     5   117    20     4    46   181     3
   226    50     3   372   444     4    61   251     3
   172   137     2   178   405     8   179   392     5
    54   327     3   412   421     6   117   249     8
   115   277     6   443   384     7   328   302     7
   225   301     4   383    25     1   462   286     6
   121   382     5   458   205     5   408   396     1
   212   367    10    49   379     4   325   331     8
   341   301     2   344   277     2    74   463     2
   415   482    10    39   287     1    76   440     7
   345   499     2   106   172    10   437   393     1
     6   370     9   293   228     4   135   362     7
   113   352     5   357    20    10   281   363     6
   361   499     7    55   359     4    37   176     9
   265    73     7   397   424     1   238   106     8
   377    98     2   387   198     4   146   144     7
    64    94     6   490   148     4    69   160    10
   464   347    10   396    60     9   327   392     6
   483   123     5   485    89     9    65    76     4
   325   322     2   212   289    10   450   291     7
   148   271     7    99   479     6   221   383    10
    60   367     9   431   310    10    62   386     7
   229   384     4   364   242     3    49   254     2
    98    44     8   455   361     3    45   454     5
   313   316     1   316   457     8    79   323     7
   395   255     1    22     7    10   261    69     2
   447   474     4   215   282     3    99   283     2
   326   180     5   195   120     3   221   334     6
   139   403     1   413   102     6   430    82     3
   248   102     8    38   429     2    57   245    10
   249    32     8   106   290     5   134   410     7
   280    97    10   268    29     6   414   259     8
   484   247    10    25    60     6   115   214     2
   229   327     1   228   438     1   340   382     4
   267   146    10   322   384    10   428   308     3
   131    46     4   199    89     5   298    45     2
   439   388     5   150   398    10   171   317     5
   470   114    10     2   433     2   459   356     3
   369   303     1   253   120     2   243    96     5
   488   499     6   443     6     4    77   238     8
   300   151     5     1   385     9   449   207     3
   130   409     4   430   493     1   370    97     2
   363   495     7    29   293     1   212    63     8
   280   344     8   293   399     7    48   489     8
   351   489     6   348   221     5   167   453    10
   143    76    10   248   427     8   435   341     5
   334   112     7   193   231     1   350   378     5
   364   154    10   488   482     8   447   259     7
   352   114     2    28   436     4   193   419     1
   145   415     7   154   401     3   355   249     2
   182   270     6   126   366     7    44   426     8
   491   477     7   384    81     5   474   100     1
   242   444     5   333   229     1   297   107     2
   444   251     2   415   194     6   481   110     1
    32   240     6
