            1
          500        2500          10 38
     217     396       4      81      59     410     232     294     108     302
       3       7       9       5       3       6       5       5       8       8
   279   423     3   423   444     5   423    13     8
   362   444     4   170   279     1   231   444     4
   442   170    10   455   231     4   231   398     3
   183   423     5   464   170     6   442   130     4
   231   281     3   444   271     2   362    72     8
   247   271    10   398   397     9   330   442     7
   464   372     4   247   173     3   258   442     9
   130   276     2   244   271     7   181   183     4
   398    66     3   100   173    10   410   398     4
   247   254     6   429   247     3   139   397     8
   276   427     3   271   313     9   231   323     5
   410   114     1    27   231     3   207   429     6
   164   139    10   114   167     4   216   231     8
   315   207     4   128   181     4    46   410     1
   190   254     1   181     9     7   285   398     9
   154   173     3   330   438     8   454    27     3
   173    24     4   216   268     1   207    40     1
   397   324     4   174   427     3   164   381     7
   293   315     6   330    74     5   334   324     8
   423   368     1   444   222     2   469   173     6
     5   173     2   410   327     4   262   293     8
   170    76     5   293   445     8   279   321    10
   414   271     5   469     8    10   438   318     5
    74    36     5    84   334    10   356   262     6
   293   208     3   136   469     4   499   167     9
   300   330    10   118   170     8   429   217     1
   170   448     4   440   262     2   363    13     1
   429   206     8   183   391    10   193   118     3
   266   427     1   100   272     7   313   437    10
    27    15     9   181   483     1    90   139     8
   478   271     1   334   389    10   128   374     2
   481   324    10    96   128     7   278   231     1
    84    88     8   238   247     3   409   410     5
   190   212     3   410   133     8   395    84     7
   334   420     3   215   217     4    76   331     9
    47   445     8   455   404     8   217   296     7
   215   166     3   268   325     2    32   139     2
   358   420     9   128   392     3   285   116     9
    96   353    10   217   117     1   454   140     6
   345   173     8   448    12     7    32    55     5
   372   151     8   299   454     7   396    27     5
    74    35     5   437    62     5   411   469    10
   455   284     2   363   303     8   171   284     9
   233   215     6   224   389     9    10    47     3
   490    12     7   414   422     3   254   377     3
   321   351     7   318   473     6   287   389     6
   212    17     2   247   486     8   157   481     8
   203   324     2   100   471     5   399   374     7
   206   333     2   183   308     6   212   176     5
   473   126     3   462   278     8   165   224    10
   233    33     6   144   442     7     3    36     8
    77   398     2   192    13     4   241    62     4
   340   133     8   334   255     2   293   485     7
   225   321     5   325   463     8   394   284     4
   353   492    10   486    14     8   457   133     8
   112   167     6   411   204     7   478   297     4
   146     9     2   268   322     2   116   350     8
    66   307     9   391   406     3    96   344    10
   244   120    10    27   347     2     9    75     3
   352   116     5   273    74     6   269   368     5
   285   339     6   227   455     1   231   337    10
   387   483     3   272    92     3    30   327     8
   443    84     6   412   444    10   431    33     3
   279   311    10   247   405     6   205   323     3
   112   375     6   471   416     1   277    62    10
   384   208     5   403   324     8   169    74     5
   330    43     5   190   328     5    76   291     7
   169    80     2   380   325     1    84   106     6
   247   484     8    39   277     3   245   231     5
   282   448    10   449   321     2   104   300    10
   426   268     2   146   219     9   398   202     7
   410   251     8   247   298     5   368     4     3
    76    68     4    86   356     1   310   271     8
   210    96     1   214   231     5   298    82     2
    58   362     6   125   483     2   386   414     1
   491    82     5   313   138     8   367   171     1
   234   351     8   259    58     1   282   134     8
    45   416     4   305   440     4   299    78     2
   250   427     8   261   308     6   195   269    10
   210   390     3   360   377     6    40   265     2
   104   301     6   177   112     8   323   482     4
   241   152     7   278   400     3   159   457     9
    58   221     6   456   387     6    42   456     4
   433   146     9   433   446    10     7   313     5
   306    43    10   111   130     9    22   231     2
   492   189     7   405   239     1   489    82     2
   442   226     6   311   228     2    11   399     7
   233   461     3   408   171     6   212   338     2
   357   360     5   350   102     2   304   457     5
   281   417     7   418   151     7   318   436     4
   425   212     6   401   304     3    83   174     5
   143   455     6   420    44     9   220   285     5
   436    26     7   307    97     7   157   194    10
    21    66     2    68   124    10   475   259    10
   381   188     9   150   372     1   356   252     1
   271    54     1   275    14     4    25   427     1
   354   144     8    70   427     7   425   430     6
   268   191     7   480   169     1    34   420     8
   172   150    10   288   307     3   106   148     2
   338   237     3    42   235     4   459   457    10
   112   294     2   200    33    10   186   152     3
   311   336     7   366   354     6   364   276     6
   463   493     3     1    47     1   175    11     3
   272   320     4   424   251     9   384    56     1
   188   149     8    85   397    10   104   385     3
   481   213     1   417     2     3    62   467     7
   153     3     9    69   423     7   280   255     2
    98     8     8   239   349     5   253   212     3
   121   420     2   166   142     9     4   302     1
    44   187     4   306   343    10    53   411     7
   264   301     9    49   478     2   500    12     3
   461    63     7   378   174     9    31   130     2
    51   455     2   249   484     9    44   472     9
   107   164     6   139    61    10   500   196     8
    93   249    10   340    19     9   178   381     3
   168   275     9   376   118     7    33   230     3
    20   416     6   178   346     2   203   257     7
   288   371     9   319   500     9   488   367     4
   469   452     6    42   317     7   466   153    10
   471   447     1   246   196    10   240    98     9
   278   407     3   181   270     3   312   187     4
   108   423    10   323   182     9   204    89     7
   262   498     5   148   450     9    41    90     7
   123   107     3   209   287     6   315   474     8
   286   350     2    78    48     4   329   333     7
   309   390     7   115   139     3   379   117     7
   198   411    10    27   432     5   192   428     2
    52   215     6   475   119     8   159   267    10
   312   218     5   211   100     6   376   103     4
    80    94     4   181   199     1   373   273     5
   441   159     8    16   178     1   165   341     1
   139   129     5   131   195     8    79   251     9
    14   295     3   368   342     5    93   256     9
   220   141     8   423   185     8   362   419     9
   223    27     3   173   451     9   161   318     2
   265   156     1   308    64     6   135   181     5
   441   105     8   393   394     8    22   477     8
    72   122     9   484   160     7   283   119     6
    99    27     5   456   413     4   468    85     7
    99    87     4   174   127     6   401    28     7
    95   405    10   367    67     2   446    60     3
    65   398     4   497   341     2   479   364     6
   454   243     4   382   150     4   361   441     6
   416   232     4   469    57     5   307   109     4
   340   496     9   308   415     6   242   216     5
   211   163     6    85   355     4   458   393     2
   314   165     6   455   465     5   301    18     6
   326   475     8    71    77     5   173   197     1
   141   274     3   300   434     7    23   360     4
   335   144     5   421   319     2   262   402     1
   330   487     7   135   495     6   292   322     2
   212   158     4   321    29     8    25   453     7
   112   435     9   113   422    10   260   135     8
   332    14     9    13   147     7   248   319     6
    55   348     5   137   283     3   460    68     3
    87   145     5   484    81     7   452   470     6
    38   127    10   316    22     7   180   498     1
    28    37     4   132   465     3    73   299    10
   383   272     9     6   421     8   184   320     2
   179   280     6   119   263     9   370   416     1
   476   372     6   170    59     3   201   385     7
   290   218     8   229   310     2    91   232     1
   474   439     2   124   359     4   484   110     7
    87   101     7   453    50     4   419   494     1
    51   289     5   388   203     3   162   318     4
   225   155     9   393   236    10   369   249     6
   365   383     8   308    90     9   417   178     1
   156   140     3   357   131     7    81   389     3
    89   490     3   488   363     4   264   418     3
   365   408    10    39    71     1   243   487     5
   420   311     7   102   329     8   229   372     9
   497    80    10   456   155     7   424   135     5
   315   355     5   384   326     8    28    58     6
     7   197     2   177   423     6   375   401     8
   180   311     3   161    78     3   192   337     9
   396   254     8   298   365     2   484   456     6
   150   455    10   399   123     4   295   163     1
   195   258     7   429   231     6   464    67     9
   163   279     3   305   417     7   456   251     8
   336   326     1   156   328     6    98   167     1
   136   287     6   106    19     1   387   114    10
   365   419     6   500   352     5   113   424     4
   125   333     1    40   424     1   433   337     1
   460   404    10   154    26     1   325   255     2
   113   380     1   325   456     6    79   373     4
   132   488     7   111    49     6   465   400     9
   405     1     2   276   174     2   426   252     3
   126    55     3   190   348     3    60   498     9
   244   306     8   368   337     1   372     9     9
   185    61     9   163    22     2   471   466     7
   482   495     1   172   477     1    66   328     8
   429   173     8   437   356    10   257    34     5
   298    97     2    99   242     8   206   236     4
   395   182     8    98   388    10   146   350     3
   377    84     9   278    71     9   334    78    10
   194   299     6   437   232     8     2   170    10
    26   296     1   409   415     4   290   163     1
     6    49     2   123    74     3   212   368     6
   454    30     9   118   300     9   124   215    10
    91   321     5   123   192     5   256    86     1
    99    24     1    39    82     7   455   208     7
   120   360     4   129   282     4   232   156     3
    52   311     1   435   455     2    91   234    10
   314   415     2   421   461     1    56   208     2
   421    46     8   260   196     6   197   138     2
   478   488     3   446   176     2    47    14     9
    91   157     2   137   470     9    95   267     7
   435   156     5   151   166     5   394   371     2
   107   381     2   473    54     6   388   122     2
   417   136     7    83   267     6   115   262     5
   132   278     1   441    28     6     9   229     2
   492   220     6   380    83    10   352   176     9
   320   205     9   320   387     8   186   277     1
   313   392     5   161   352    10   481   121     9
   399    48     5   103   234     4   179   403     3
   103   369     9   339   199     3   198   273     5
   145   443     8   298    30     7   301   246     8
   153   331    10   346   161     2   231   344     3
   336    29     8    21   262     7   390   330     6
   380   199     7     2   156     3   104   124     6
   143   385    10   358   473     4   187   431     4
   279   160     9    63   359    10   216   414     4
    26   366     5   301   421     6    94   478     6
   298   124     2   404    13     6    28   174     7
   262   100     1   461   198    10   420   338     5
   451    59     8   454   224     7   497   273     7
   375   106     1    25   103     9   234   238     8
   303   340     8   176   188     4   411   380     2
   382   380     8    60   335     8   311   403     1
   115   129     9   346   254     2   415   494     6
   268   332     5    91   318     5   182   291     3
   249   434    10   145   424     3   185   282     1
   391   129     5    88   245     2    97   340     2
   124    71     5   243   348     6   470   369     3
   439   331     9    80   345    10   117   176     2
   255   489    10   358   130     7   154   125     7
    68   139     5   136    15     6   385   257     7
   253   183     8   239   116     2   207     1     4
   499    63     9   253    58     6   344   466    10
   143   320     9   406    88     1   437   214     9
   367   277     3    67   394     7   468   293     3
    47   321     7   285   496     5   411   458     5
   147   382     5   291   314    10   392   339     1
   342   177     7   287   108     6     8   316     8
   399    16     8   422    74     2   151   201     5
   316   212     5   160   265     9   169   408     5
   243   396     2   210    18     3    57   486     9
   348   230     5   425   348     7   295    22    10
   446   309     9   268    24     7   499   325     4
   358   160     8   288   380     4   461   212     2
   254   251     5   449   470    10   132   332     2
    47   366    10   258   387     4   366   500     5
    69   178    10   268   145    10   136    28     8
   107    64    10   306    60     9   297   135    10
   278    19     8   377   126     8    54   283     1
   104     8     1     7   174     3   245     5    10
    33   347     9   500    63     3   485   206     1
   239   381     2   157   131     2   233   110    10
    37   229     9   458   456     6   455    44     9
   376   421     8   225   170     6   164    22     7
   198   310     5   437   305     8   234   300     8
   158   449     4    59   154    10     5   180    10
   252    28     5    68   499     4   429   115     1
    48   337    10   306   361     5    76   169    10
   480    82     5   101    84     2   493   178    10
   406   400     9   167   137     1   388    71     5
   318   402     3    32   124     1     6    16    10
   321   217     2   302    34     3   229     5     8
   485   222     4   198    56     8    16   167     2
   325   304     1   115   208     8   405   237     9
   464   250     4   134   147     1   474   441     8
   284   410     9   421   489     4   132   334     5
   285   305     2   322   349     2    53    74     2
   283   147     3   408    55     2   346   278     5
   220    31     1   296   331     1   118   213    10
   172   356     5   365    69     9   275   441     4
   348   414     7   209   331     2   373   129     9
    44   207     6   351   487     3    84   126     8
   162   124     5   280   207     9   173   181     2
    46   135     1   385   371     5   316   497     8
   250   214     3    43   203     1   181   368     3
    40   296     8   326   340     5    88    49     9
   204    37     9   146   440     5    56   473     6
   221   421     3   495   396     1   137    75     3
   162    62     6   275   343    10   390   115     8
   309     2     8   155    65     2   163   400     3
   199    63     4   235   409     2   218   167     5
   344   120     8   294   195     2   344   313     6
     3   430     9   486    45    10    91     8     3
   400   438    10   421   145     5   445   332     9
   331   280     2   452    60     4   428   443     1
   132   320     2    61    46     9    66    57     7
   335    40     8    32   189     5   130   263     5
   270   309     6   406    84     5   139   446     9
   249    79     8   224    55     6   347   306     1
     2    63     2   335   156     2    85   414     4
   162   404     4   422   440     5   146   307     5
   495   249     1   420   215     3   326   153     9
   122    38     6   129   197     8    13   122     1
    94   398     8   314   143     6   385   106     2
   458   355     6   273    98     1   136   101     6
   305   449     3   260   259     7     5   348     3
   159   484     8   235   381    10   174   320     1
   243     8    10   480   216     7   405   425     1
   133   239     1   351   101     7   273   256     7
   140    69     4   410   289     4   163   435     5
   118   459     5   197   466     1   302    71     7
   466    45     9   271   499     3   436    98     2
   304   397     5   485   195     3   121   215     8
   107   190     9   289   413     5   223   108     4
   267   186     6   265   136     8   424   485     3
   360   172     2    69   108     4   150   240    10
   252    92     2   343   214     5   144   399     4
   152   109     5     2   177     4   282   206     7
    65   323     7   260    10     6    57   472     7
   358   480     5   114    68     1    86   104     5
   301    36     8   165    20     9   356   141     7
   195   461     9   312   479     9   463   123     4
   229    39     4   139   170     5   271    21     2
   126   264    10   324   422     8   330   180     5
   120    23     1    77    99     6   447   401     1
   319   254     6   160   420     5    94   208     4
   263   198     1   313   158     4   181    86     5
    31   327     9   147   244     2    69   464     5
    10   497     2   262   351     6   248    43     6
   282   436     3    69   324     2    25    47     5
    67   272     6    50   172     5    98   208    10
   367   334     8   207   443     5   171   197     7
    37   172     5   218   318     2    38    70     8
   231   110     8   278     4     9   340   374     5
   291    27     9   381     4     3   352   144    10
     5   117     5    30   163    10   442   412    10
   101   430     4   211    66     5   309   206    10
    31    20     7   122    26     7   347   212     7
   284   271     1   245   140     9   125    94     6
   448   203     1    36    23     5   269   468     5
   343   486     6   158   175    10   287    48     2
   276    48     4   399   145     1   175   340     6
     6    28     9   274   494    10   111   170     7
   416   453     8   207    65     7   239    18     5
   202   443     7   482    99     3   215    14     2
   192   248     9   469   354     5    72   365     7
   160   402     9    68   459     2   237   264     2
   394   372    10   206    68     6    88   400     3
   176   420     7   280   161     8   464   402     8
   379   467     4   389   269    10   456   195     1
    90   302     4   301   342     4    95   452     4
   444   306     4    13    53     7   343   349     4
   368   159     7   431    34     8   473   125    10
   396   131     2   446   301     4   200   344    10
   253   474     2    54   475     3    59     4    10
   471   338     6   367    63     8   484    16     3
    14   114     7   365   172     4   138   356     3
   204   378    10   418   213     5   390   424     8
   111   433     2   398   330     5   176   351     2
   382   496     3   232   462     6   417   100     5
   254   320    10   239   102     9   225   230     9
   372   246     2   302   241    10   337   393     1
   342   116     8   102   402     9   272    81     3
   468   414     3   193   189     2   125   135    10
   282   201     3   220     6     8   316   354     7
   304   198    10   163   361     1   442   390     2
   272   135     5   336   440     4   380    11     8
   396   482     1   300   211     4   212   377     7
    73    14     1    52   243     6   136   163     7
   467   105     4   200   421     1   475   266     4
    73   145     7   361   475     4   170   435     2
   419    21    10   320   278    10   113   245     9
   153   175     9    19   182     2   149   247     7
    74   194     3   295    63     7   494   228     4
   473   263     4   254   232     9   202   253     1
   362   328     9   277    28     7   174   187     6
   248   204     1   191   200     5   243   264     7
   158   137     9   385    71    10   224   267    10
   170   323     4   138   185     9    92   278     9
   132    87     3   238   315     8    23   121    10
   145   321    10   234   225     7   375   158    10
   499    93     8    85   281     5    86   228    10
   474   392     2   389   222     3   301   192     1
   500    67     7     9   273     1    20   464     6
   309   148     6   180   373    10   465   461     2
   376   269    10   204   281     4   468   193    10
   269   428     8   469   435     3   395     3     6
   139   296     1   192   436     5   337   157     2
    24   194     9   402   180     4   120    97     3
   132   119    10   350   274     1   434    96     8
    70   485     6   169    99     8   422    28     4
    94   491     5   318   217     2   165   235     4
   416   133     6   468   223     9   225   216     8
   201   102     9   188   112     8   270    65     6
    14   288     7   118   166     6   203   247     4
   208   413     8   106   318     9    12   429     3
    29   257     2    68   489     1   311   426     5
   100    54     5   183   318    10    47   220     1
   347   333     3   205   174    10   196   312     1
   243   367     2   220   441     7   454    53     1
   313   194     4   492   335     1   441   449     2
   145   192     1   273    66     8   151    72     2
    26   293     2   297   154     2    50   476     7
   476   116     9   407   132    10    38   499     5
   273   169     8   335    53     5   374   176     3
   138    20     9   286   407     7   198   449     4
    83   181     2   161   140     7   275   420     6
   451   418    10    60   115     8    46   227     5
   105    80    10    91   188     8    42   343     6
    92   359     5   230   397     2   169   491     2
   266   134     9   358     3    10   333   210    10
   266    32     6    23   336     1    99   245     8
   208   442     4   289   240     2   356    69     5
   248   173     4     6   285     2   273   466     2
   266   378    10   327    98     5   273   430     5
   458   158     4   205   125     3   441   281    10
    30   225     9   154   316     8   361   247     7
   332   477     1   496   350     6   488   289     1
   383     6     8   198    34     6     1   355     4
   171    71    10   280   154     7    69   123     2
   405   430     8   167    50     9   336    75     8
   419   280     7   413   315     9   285   374     7
   431   428     3   480   365     7    94   299     1
    76    54     8    70   374     9     7   494     6
   483   234     1   240     1     2   362   128     7
   141   322     7   174   304     6   407   108     3
   398    37     3   189   228     6   477    81     8
   487   449     6   482   456     7   302   244     6
   106   498     7   179   143     2     6   442     1
   316   110     8   443   101     6   153   470     2
   197   120     5   350   383     8   160    98     6
   239   235     2   476   234     3   167   390     1
   114   265     8   279   484     2   225   192     7
   421    82     5   201   497     3     8    87    10
   210   276     1   217   258     9   370   262     7
   125   138     8    10   410     5   179   400    10
   354   308     9   493   366     3   240    19     7
   457   181    10   121   213     5   484   486     2
   138   347     6   133    74    10   188   355     1
   320   133     8   328   316     1   426   397     8
   263    24     8   154   235    10   454   457     3
   248   328     9   492    24     1   227   249     7
   419   267     8   341   344     1   416    58     2
   483   340     1   169    79     7   112   159     7
   483   453     8   293   108     7    44   349     8
   459   272     3    87   167     3   237   308     8
   176   177     9   418    82     2   318   171     7
    13   307     2    92   263     6    86   116     2
    82    23     2   418    50     2    17   324     6
   140    22     2   167   475     2   270   485    10
   488   217     9    83   257     1    47   166     9
   142   322     6   474   238     8   434    68     7
   267   101    10   239   419     5   290   181     6
    93   277     7   327   213     3   170   380     1
   139    37    10     5    98     7   401    49     5
   298   221     5   434    67     1   280   474     7
     9   276     5   300   336     9   447   306     6
   486   434     7    23   293    10   137   473     9
   484   193     6   375    11     1   459   284     6
   436   373     4   159    55     1   194   140     5
   384    71     3   437   491     9    78   474     4
   500   370     7   439   135    10   391   487     2
    75   197     9    63   320    10   447   419     1
   218    55     5   481   301     5   395   488     2
   496   380     3   215   226     7   334   276     7
     7   360     2   112   207     3   253   410     4
   185   252     7   451   409    10   195   496     8
   192     2     8   117   374     5   409   344     1
   341   319     3   104   263    10   263   247     2
    85   488     4   434    34     1    22   247     7
    19   241     5   254   149     2   291   461     7
   160   390     6   262   182     1   374    40     5
   144   257    10    48   264     5   243    48     3
   357    44     4   373   453     9   203   323     2
    71   210     3   458   172     2   166   232     3
   343   388    10    23    61     8    18   137     5
   166   159     9   231   447     3    19   227     3
   283   213     6   500     6     2   117   442     3
   280   489     1   225   274     2   237   156     6
   442    26     6   186   453     2    88    95     3
   243   439     6   384   443     4   307   154     6
    65   244     2   356    76     5   324   145     2
   440   480     9   454   162     6   120   131     4
   131   319    10    58   152     7   148    76     1
    35    77     1   412    88     6    14   155     5
   286   177    10   403   472     9   113   297     6
     6   361     7   386    65     6   146   282     8
   117   486     2    76   320     2   434   350     9
    51   236     1    50   294    10   335    46     3
   192   191     7   347    62     5   325   394     8
    52   210     2    71   327     5   275   121     5
   239    37     3    92   184    10   245   461     1
   146   149     1   147   219     3   207   370     8
    80    74    10   290   418     4    37   117     5
   111    68     6   256    50     1   471   152     7
   467   469     9   254   128    10   167   136     2
   390   290     9   460   180     4   378   198     6
   465   194     5   457    93     9   158   380     7
   268   497     3   463   101     7    29   487     4
     5   251     1   231   153     9   169   387    10
   292   373     5    59   215     5   103   217     1
    35   301     5   128   346     9   446   216     3
   408   172     1   301   154     3   490   375     1
   190    89     7   323   402     5   129   314    10
    30   493     6   399   459     5   128   135     6
   465   147     3   155   447     1   376   327     4
   214     7     5   238   147     5   133   262     4
   472   252     5   139   234     6    83   271     6
   316   202     9   207   371     2   382   218     8
   405    87     2   159    29     1   294   391     7
   217   228     3   219   325    10   219   233    10
    12   117     5   139    78     3   336   217     8
   495   367     5    38   497     8   219    37     5
   395   130     3   170   335     6   451   267    10
   104   277     6   427   398     8    47   296     7
   284   151     9   428   352     5   446   102     2
    78   371    10   403   169    10   307   357     1
   276   458    10   487   213     3   206   475     6
    48   263     3   107   471     9   313   228     5
   364   354     1   476   399     7    40   201    10
    64   282     5   201   367     1   354   404     8
   209   142     7   494   421     5   121   443     2
   122   275     4   195   216     9   216   455     1
   185   172     6   328   382    10    73   274     6
   398   124     1    29   139     3   380   152     1
   285    58     2   409    62     5   443   217     4
   319   292     9    47   133     8   115   209     2
   344   416     8   462   234     9   242   128     9
   274   469     9   478    52     5    35   397     2
   227    97     2   449   208     6   339   387     5
   277   159     3   198   118     5   258   265     2
   410    29     7   376    68     6   341   235     8
    66    45    10   234   469     2   346   147     4
   374   162     6    40   492     9    67   409     8
     9    61     1   297   342     1   282   319     4
   481   222     7   117   293     7   134   349     4
   374   485     7   435    29     1   181   271     6
   355   206     4   299   179     2    54   419     3
   118   102     9   438    42     9   192   155     9
   380   250     2   389   127     7   420   469     9
    24   371     9   357   442     1   232    35    10
   337   479     8   440   261     5   458   493     2
    90   281     7   390   183     3    94   407     2
     7   126     6    83   100     3   161    96    10
    55    89     9    44   143     9   432   268     6
    65   231    10   150   122     5   481     4     7
     6   341     6    83   170    10   272   329     4
    29   261     5   172   425     8   129   145    10
   498   310     2   391    27     5   374   446     3
   371   437     8     7   398     5   392   136     7
   383   494     1   423    25     6   344   147     4
     3   288     8   192   132     4   285   173     1
   441   471     9    72    45     8   341    63    10
   400   280     7    18   121     7    18    29     3
   277   483     5   354   365     1   149    81     5
   286   240    10    71   304     6   426   199     4
   258   330     6   117   305     3   112   454     2
    19    70     9   110   263     6   144   195     6
   428   268     7   420   479     2   494   156     8
   279    32     1   491   418     4    35   345     7
   258   445     1   266   395     4   305   447     2
   230   289     5   347    90     5    11   370     3
   471   286    10   411   194     2   377    52     4
   470    91     5    72   261     2    84   172     7
    55   252     6   253   391     7   298     1     2
   182   405     6    84    99    10    26   330     3
   212   172     8   468   147    10   430    27     9
   473   294     1   500    25     7   334   344     3
   402   484     8   498   321     1   257   208    10
   388   254     7    82   167     5   223    94     3
   117   304     1   331   308     9    10    94     7
   237   224     9    76   364     8    91   455     8
   154   179     6   291   119     1   171   138     2
   356   380     2   114   401     2   234   309     5
   372    31     9    31   303     9    82   378     5
   491   447     3   423   385     8   120   355     2
   124   280    10   213    95     4   311   433     6
   139    95     6    12    98     7    84   454     8
   184     7     3   387   317    10   284   421     8
   118    63     6   116   351     7   291   343     9
   402   223     2   385    60     2     6    61     7
   233   161     3   250   443     7   435   321     9
   158   352     6   234   344    10    97   429    10
   191   432     2   489   461     5   468     3     8
   262    31     5   196   203     3   132   209     3
   229   345     6   177   345     9   316   419    10
    43    71     4   150   266     2   451   309     3
   434   212     4   202   212     5   135   384     8
   236   189     8   259   339     6    35     2     8
   154   493     5   150     8     5   349   426     6
   190   187     1   295   236     9   444   360     3
   295   327     6   463   379     1   392   421     4
    78   463     9    52    43     5   319   191    10
   168    95     3   176   452     5   147   451     9
   495   252     6   425   217     2   219   493     8
   328    87     2   299    66     1   414    97     7
   327   219     3   318    89     8   129   467     9
    82   369     6   184    80    10   296   156     7
   121   354     3   329     2     3    63   301     3
   171   184     2   122    80     1    63   343     1
   450   371     1   397    74     4   412   107     7
   374   210     4   136   189     5    30    10     5
   364   197     6   101   173     8    64   275     5
   100   238     9   196    49     2   131   414    10
   428   211     3    66   395     2   359    59     8
    54   250     8   461   138    10    35   231     9
   436   236     8   166   307     9   296   138     1
   183   194     4    39   135     5    74   300     8
   300   286     1   466   303     1   469   427     5
   132    74     4   342   101     9   336   390    10
   172   124     4   342   374     1   220   233     4
    72    51     3    96   426     2    47    49     1
   489   482     1    84   283    10   104   268     4
   424    68    10   138   467     3   184   477     9
   272   116     2   420   138     5   396   468     2
   247   258     4   158   373     2   141   100     9
    90    77     8   220   158     6   418   246     7
   294   205     3   186   352     5   431    77     5
   272   180     6   441    67     7   497   115     8
   481   384     9    53   314     2   148   186     2
   461   119     9   138   384     5   464   497     6
   441   185     7   402   379     2   488   482     4
   344   214     7    42   141     5   456   378     5
   200   158     9   112   406     1     1   191     8
   240   112     4    35   288     2   468   202     1
   382   168     8   284   327     5   350   232     6
   148   255     7     3   155     3     2   459    10
   301   237     9   235   200     6   269   135     4
   240    53     6   384   154     2   290   134     8
   320   465     6   251     6     9   499   378     1
   304   474     6   480    68     1   353   244     6
    96   198     2   208    96     1   460   423     4
   260   286     6   311    34     6   478   382     4
    95    12     3   351   388     2   326   113    10
   463   390     5   271    52     1   146   473     6
   306    14     7   303   259     9    21   366     5
   224   345     5   359   197     8   292    42     3
   479   131     8   424   411     5   180   128     4
   187   410     2   411   402     6   222   413     8
   134    60     1   421   222     3     7   191    10
   289   368    10   339   171     3   241   211     8
   364   169     1   432   288    10    95   322     3
   317   379     9    24   353     2   291   192     1
   204   453     5   122   302     3   236   401     6
   282   153     5   166   443     6   299    43     4
   270   115     6   224   111    10   474   106     6
   409    25     9   119     1     2   197   459     2
   335   466     7   480   487     7   181   431     3
   149   128     4   101   373     2   132   360    10
   131   245     5   100   105     6   174   374     6
    59    53     4   143   261     3   174   132     7
   233    38     9   115   167     2     2   413     8
   367    75     4   482    18    10   352    92     6
   154   210    10   353   104     3   483   377     4
   197   289     6   347    71    10   434   336     3
    90   206     5   459   404    10    61   101    10
   117    82     2    36   476     9    51   284     6
    39   193     9   230   179     5   322   451     7
   343   115     8   123   413     3   493   410    10
   328   135     7   328   390     7   104   461     5
   371    12     7   120    90     5   189    17     3
   183   347     5    25   225     8   317   179     4
   155   189     3   190   172     9   103   138     1
   362    46     4   440    55     3   399   493     8
   313   117     1   198   133     8   423   354    10
   214   382     1   418    89     7   225   116     8
   387   177     2   134   360    10   314   399    10
    27   428     4   488   100     5    83   237    10
   183   395     4    96    53     5   427   498     1
   467   117     9   107     4     6   460    98    10
   196   433     2   459   356     6   279   168    10
   408   230    10   388   406     6   365   224     1
   244   333     4   420   217     4   451   131     4
   346   434    10   108    71     8   332   317     1
   443   113     4   496   378     2   301   418     9
   304    37     4   148   403     1   463   402     3
   128   222     8   161   296     3   142    71     6
   350   451     9   248   405     5   270   148     5
    11    42     6   483   493     5   100   301     7
   477   167    10   147   259     7    81   304     3
   434   183     9    36   257     4   244   329     5
   430   350     3   296   438    10   279   313     5
   463   207     4   140    30     7   298   357     8
    90   440     4   101   309    10   432    19     1
   434   416     3   463    96    10    26   167     9
    92   166     4    70    23     7   143   381     7
   322   136     7   223   162     4    38   371     2
    36   335     9   290   226     3   253   207     2
   343    81     8    14   253     9   274   169     9
   395   222    10    79   147     8   292   412     9
   307    24     4   196   437     6   466   168     9
   214    95     1   435     9     6   424   341    10
   237    46     8   164   102     6   308   423     8
   178   145     7   129   205     8     2   460    10
    87   419     1   297   309     1    35   243     3
   436   431     5    55   201     2   347   124     2
    95   320     3   266    42     4   208   452     2
    88   262     9    11   180     9     4   331     1
    53   191    10   180   405     3   199    32     4
   161   485     7    45    63     3   358   104     7
   313   411     3   362   242     1   248   365     3
     8   457     7   278   322     6   144   110    10
    47   398     9   296   203     4   427   307     2
    36    51     4   450   464     3   369   441     8
   393    65    10   415    44     7   366   158     1
    13   319     7   144    24     2   273   417     8
   498   248     7   195    25     3     7   390     9
    61   462     7   430    78     2    59    14    10
    61   442     2   258    67     2   331   326     7
    19   288     2   309   343     8   133   182     8
     6   436     6   471   154     9   192   259     2
   296    38     8   278   351     9   289   431    10
   461   370     5    40   357     5   364   224     2
   104    45    10   267   274     9   322   219     1
   166   380    10   383    91     3   418    40     1
   365   323     2   133   477     8    68   448     4
   483   280     5   101   298     5    42   294    10
     1   410     6   109   326     5    14   334     8
   254    98     3   191   248     6   107   430     2
    55   255     6   233   363     4   245   204     9
   248   270    10   416   305     4    64   461     1
   109   378     4   179   488     3   286   386     3
   271   206     9   422    55    10   369   372     5
   433   494     4   458   102     1   322   264     9
   279   419     8    24    26     3   262   236     3
   351   480     3   228   194     2    87   105     4
   326   325     9   356     8    10   310   437     5
    23    95     1   232   484     5   298   418     8
   184   326     4   274   170     4    37   232     8
    13   318     8   103   343     2   198   409     2
   137   133    10    51   243     8   356    81     4
   181   287     4    79   328     3   145   256     7
   256   219     1   219   284     6   288    37     1
   107   221     2   434   125    10   340   283     6
   167   133     3   351   298     5    78   419     5
   173   369     2   276    62     3   456   414     5
   338    58     8   427   205     3   130    39     8
    52   410     3   273   149     1   446   399     7
   112   154     7    17   385     4   110   443     5
   215   164     5   176    18     9    15   351     6
    65   408     4     3    81     6   281   222     9
   454   253     7   391   213     5   447    19     2
   255   247     7    64   279     6   344    75     1
   412   177     6   174   125     7   271   119     9
   142   465     6   276   137    10   204   196    10
   455   362     3   131     2     7   115    27    10
   457   342     7   373   224     4   338   268     2
   408    40     3    52   303    10   197    79     7
   146   117     6   210   227     7   323   259     6
   102   287     3   321   250     6   133   143     7
   451   484     1   440   155     9    93   254    10
   339   469     1   306   401     4   149   425     9
   194     7     3   472   461     7    77   410     3
    15   170     6   430   174     4   122   141     5
   341   414     8   217   284     4   202   146     8
   389   211    10   485   246    10   149   282     7
   298   108     4    49   233     8   102   134     7
   283    88    10   381   153     6   198     8    10
   453   353     9   474   224     1    92   499     5
   223   288    10   310   187     6   445   149     6
   430   185     5    85    45     9    98   326     5
    18   234     6   184   112     2   421   197     7
   136   191     3   434   109     3   311    21     1
   465   214     4    42    68    10   185   230     4
   325    54    10   403   141     8   118   101     3
   182   378     9   210   240     1   282   183     3
   271    30     9   374   251     7   411   430     5
   332   366    10    87    35     2   263   425     9
   158   363     2   443   190     4   458   219    10
   370   278     3   126   455     9   146   441     7
    26   105     3   347   448     3    98    95     4
   142   398     9   328   334     5   361   259     6
   215    58     8   196   357     5   204    27    10
    26   340     7   402   155     8   159   364     1
   391   464    10   392   267     4   353   357     5
   352   490     6   498   210     4   176    13     8
    83    54     7   250   132     9   373    12     2
   170   183     1    15   396    10    96   376     7
   320   464     4   352    39     2   139   420     6
   219   212     6   271   347     9   402   343     6
   432    84     9    86   119     1   339    21     3
   235   199     8   108   497    10    13   401     5
    91   485     3   202    98     5   337   480     4
   417   218     7   141   123     2   135   303     5
   489   230     3   259   239     5   292   327     5
    96   263     1   481   115     8   456    69    10
   285    37     9   266   242     2   270   260     2
   441   392     1    63   191     8   193   386     3
   307    81     5   402   178     6    60   426     1
   346   303    10    31   417     7   333   151     6
   499   459     2   186    55     1   215   318     2
    84   268     2   164   260     4   172   166     2
   167   126     4    30   340     5   412   394     1
   313   393     5   284   120     2    17   328     2
   418    71     8   128   341     4     9    69     3
   371    51     9   274    97     3   213   348     4
    18    27     8   288   191     4    76   490     3
   194   426     4    45   435     9   383    55     1
   386    47     9   295   219     6    90   240     4
   464   101     9    65   257     4   246   128     7
   295   130     5   267     4     7   310   150     3
   467   491     3   229   304     6   423   357     2
   110   222     6     2   430     9   389   464     3
   325   342     6   334   385     1   329   442     9
   202   236     4   301     1     2    16    30     5
   305   386     7   359    33     9   226    65     8
    27   126     4    75   459     5   225   177     7
   339   367     6   487   228     8   414   173     1
   244   191    10   426    45    10    47   224     2
   457   484     9   242    54     5   495   497     7
    89   480     8   141   311     4   284   499     6
   302   228     4   298   432     4   121    45    10
    94   137     2   425   419     3   264   216     8
    47   471    10   398    85     6    35   491     9
   136    42     7   285    40     4   242   385     8
   261   187     6   492   321    10   239   438     6
   414   115     5    87   235     8    42    93     4
   154   161     7   198   480     6   126   312     2
   492   208     4   193     8     3   163   248     4
   317   163     5   239   439     5   117   377    10
   236   326     5   418    14     6    10   304     1
   135   442     2   163   135     4   287   500     3
   333   383    10   298   374     6    81   292     2
   425   104     9   214   481    10    73   349     4
   499    49     3   248   479     3    83   379     3
   477   340     1   314   327     7   362    39     7
   142   412     9   461   395     1   459    57     1
    14   240     8    85   193     4   131    50     8
   360   118     3   368   388     5    44   205     6
   301   110     5   184   354     9   132   424     2
   288   133     7   388   287     8   464     7    10
   276   142     9    14   437     5   208   118     6
   328   311     5   109    47     6   414   443     4
    59   496     9   154   163     4    37   442     1
    86   161     6   422   241     2    93   420     5
   268   333     6   116   145     7     7   354     3
   158   250     8   103    85     9   194   205     2
   267   490     2
