            1
          500         625         125 1063
     353     373     298      24      70     334       1     464     469     236
       7     438     316      69      56      22     217     410     487     111
       3     290      12     347     402     285      54     477     107     340
     305     184     235     413     282     450     374     263     246     160
     493     409     183     249     257     207     233     125      31     161
     310     321      64     202     212     416     289     368     300     226
     286     129      27     452     225     426     272      84     328     230
      20     182     136       4     199     403     145     431     198     441
     386      40      71     446     422      49     248     453     153     499
     103      41     143     141     379     384     105      29     154     457
     372     124     144      59     270     428     197     319     397     162
     460     346      18     301     443     495     118      32     268     420
      78      36     242     359     104
      26      74      97      45      32      65      47      54      78      86
      57      74      85      88      24      11      93       4      71      79
       4      50      23      41      51      65      84      33      97      29
      59      53      94      33      70      73       8      55      24      18
      29      16      79      74      12      63      94      34      43      58
      33      15      56      92      74      74       8      66      86      62
      55      26      63       9      19      23      77      19      22      72
      34      69      70      97      66      71      34      77      97      75
      97       6      63       3      16      93      41      59      11      88
      43      62      50       4      75      39      66      85      47       3
       4      28       1      81      76      61      39      77      84      84
      90      66      27      34       3      31      33      80      43      10
      68      41      98      68      91
   112     3    10   102     3     9   102   264     5
   112    89     7   112   160     7   210   160     5
     3    73     5   377   160     6    73   118     7
   102   158     2    73   344     5   120   377     3
   118   274     8   345   112     7   344   406     7
   210    66    10   158   205     4   148   274     2
   408   112     4    12   274     8   274   307     7
    66   358     6   258   377     8   345   125     7
    64    89     3   365    66     7   210    45     6
    38   358     1    87   345     1   337    66     7
   258   437     2    34   258     2    45   246     7
   191    87    10   499   102     6   191   241     1
    38   212     1   206   437     4   443   408     2
   372   120     2   246   348     4   408   492     5
   336   258    10   337   230     4   102   240     1
   102   122     4    87   479     4   424    89     4
   278    34     4    91   112     1   427   479     7
   327   336     2   102    92     9   131   112     8
   306    34     8   322   112     8    73   463     5
   419   492     7    78   118     6   125   100     3
   408   373     2   108   327     7   212   265    10
    12   495     5    68   492     1   322   273     5
   319     3     8    64   429     9   463    79     4
   265    53     4   296   264     3   178   264     1
   131   455    10    75    66     6   118    31     8
   175    75     9   135   175     7    13   322     8
   194   327     7   138   429     7   482    53     9
   212   133     5   373   448     2    87   323     3
   457   273     5   108    76     4   274   379     8
   409   372     7   372   415     9   340   210     2
   373    24     2   500   230     7   100   202     9
   275   175    10   481   373     9    86    78     9
   370    45     3   327   432     9   291   202     6
   120   123     8   456   191     7   345    81     1
   482    65     1   241   320     1   486   102     9
   429   220     8   457    63    10   384   246     3
   481   238     7   282    34     4   118   253     9
   411    86     8   246   402     7    87   413     8
   482   247     8   419   459     7   319    28     3
   410   123     2   232   492     8   136   320     5
    98   358     5   340   435     6    75   166     5
   243    45     5    69   455     7    98   414     5
     7    75     9   328   232     5   142   327     2
   125   159     5   418   481     1   120   252     4
    31    41    10   139   275     3   370   466     8
   480   427    10    83   273     6   477   365     9
   499   110     3   194     4     1   413   204     4
    76   420     7   336   290     1   299   120     4
   497   142     2   322   339     5    34   242     2
   146   410     8   109   274     4    37   344     9
   187    41     8   135   351     8    20   230     4
   478   323     2   418   487     8   459   182     9
   426   175     4   463   312     3   194   342     2
   385   278     6   182    72     9   245   220     3
   134     4     4    62   385     7   143   159     4
   222    79     5   273   324     8    63   129    10
   163   420     2   424    14     4   219   463     7
    85   210    10   299   193     8   181   282    10
   339   217     7   355   166     1   267   418     5
   158   161     1   392   252     3   396   424     3
   480   203     9   385   200     7   146   114     4
    28   209     8    37   446     4     4   488     4
   210   132     9     7   361     8   319    51     6
   452   217     7   331   112     2   435   226    10
   160   269     6   343   324     5   371    79     2
    11   355     3   145    64     6   481   461     1
   490    68     7   428   206     2    25   497     8
   302   114     6    45   231     3    35   182     1
   441   342     6   306   208     8    96   492    10
    23   161     9   146   298     4   157   490    10
   122   104     6   349   361     9   189   410    10
   112    42     7   412   290     1   270    98     5
    20   422     1   336   389     6   270   186     8
   385    88     8   302   177     3   287   231     2
   171   241     5   193   394     7   123   257    10
   463   374     8   193   165     1   389    99     1
   311   389     3    67   441     7   382   204     1
   439   323     5   159   316     9    29   418     8
    17   157     3   424   154     4   337   121     5
   287   444     2   474   408     8   445   210     8
    86   283     1   215   163     8   207    25     9
   388    17     7    62   289     3   446    90    10
   130    20     2    82   267     3   372   317     3
   362   123     8   449   414     5   135    33     9
   462   355     5   271   406     6   163   325     9
   132   369     7   375   435     1    42   398     2
   412   447     9   301   307     4   358   436     8
   251   317     3   423   200     8   385   167     7
   405    73     7    81   483     5   323   330     4
   318   291     8    48   466     7   424   169     3
   426   255     8   252   140    10    39   355     5
   400   219     4    18   455     4   204   383     2
   181   440     7   492   363     3   259    25    10
   450   448     1   489   408     4   449   476     3
   439   338     2    24   393    10   354   340     1
   326   369     7   237   400     4   429     1     3
   275   244     2   146   333     6   366   298     8
   282   417     9   179   110     8   301   485     5
   187    22     4   350   495     6   478    58     4
     2   129    10    60   100     4   390   440     9
   348   294     2   478   144     3   256     4     9
    29   236     4   400    49    10   455    36     8
    22   292     6   159   254     7   181    47     5
   279   383     8   425   282     2    66    95     2
   300   405     7   363   201     6   437   223     4
   157   147     1   219    71     7    16    66     6
   483   218     9   225   205    10   257   304     3
   182   198    10     7   454     9   397   437     1
    32   287     9   281   104     7   431   389     3
   123    56     1   238   391     4    81   263     1
    80    85     4   441   380     6   395   466     3
   264   498    10    19   144     6   472   330    10
   496   455     4   159   176     7    40   338     9
   189   155     8   432   277     8    51   360     7
     5   125     6   126   372     7   193   128     8
   103   411     5   363    21     9   216   369     3
   432    93     1   430   240     1   297   148    10
   102   268     4   403   413     5   181   335     1
   151   337     5   377   434     5    40    54     8
   243   401     4   314   384     5   278   239    10
   130   227    10   180    45     2   373   285     8
   189   174     7    94    63     8    70   482     1
    25   353     5   457   262    10   266   181     2
    59   452     4   307   367     6   303   257     1
   471    18     8   445   162     2   173   147     2
   239   352     1   275   438     9   314   313     7
   467   264     8   378   336     4   243   105     9
   293    16     3   201   442    10   192   201     5
   425   106    10   272   220     8    61    85     9
   144   460     5    42   464     1    89   332     3
    97   297     4   234   252     8   368   180     7
   143   261     5    39   386     1   197   411     5
   414   451     6   288    11     1    44   208     4
   172   236     4   356    62     9   194   453    10
   142    52     8    67   152     2    84   442     7
   479   137     7   150   133    10   329   435     7
   229   333     5   404   419     2   369   484     9
   110   295     1   239    30     4   431   188     3
   470   397     1   164   404    10   346    73     9
   305   206     6   124   349     1   359   482     8
   468   216     1    95    46     2   335   156     2
   494   371     6   421   209     8   435   233     4
    26   241     9   235    14     1   458    71     4
   126   309     8   261   228     1   308   181     4
   407   194     9   274   376     5   207   116     4
   420    15     9   354   260     5     9   252     2
    22     6     4   310   135     7   283   465     3
    74    42     2   185   325     6   214   500     5
   276   415     9    89   433     7   141   425     4
   133   250     6     3   190     6   398   117     9
    34   168     3   447   115     7   153   202     1
   416     5     4    50   409     6   274   119    10
   479   399    10   154   387     8    11   381     7
   109    55    10   221   448     7   123   364     2
    97   195     9   473   461     6   290   113     3
   129   315     8   344   475     9   138   493     4
   134   341     9     8   268     3   493   127     4
   474    57     8   491   421     1   170   448     3
   248   452     5   280   250     1   273   357     1
   469    21     5   286   317     2   184   351     8
   199   362     4   477    10     9   429   249     7
    77    24     2   211    82     2    96    27     8
    24   111     4    15   196     5   284   400     3
   224   259     2    43   467     2   282   347    10
   107   477     1   324   149     1   474   321     4
   213   201     4   362   334    10   234   183     9
   463   101     3    40    26     4    45   324     8
   251   136     5   147   115     6   186   372     4
   133   144     6   279   113     6    89   236     8
   408   354     1   441   124    10   416    57     5
   145    96    10   192   458     3   134   398     3
   147   212     3   140   436     4   113   484     9
   105   330     1   452   239    10   206   477     5
   461   110    10   205    78     2   203   360    10
   423    84     8   364    52    10   264   235    10
   430   183     1   247   112     9   172   326     9
   279    32     2   175   370     7   377    39     2
   109   406     9   375   431     5   337   130    10
   415   491     6    41   173     9   193    47     1
   266   337     6    21   196     9    83    18     3
   271   234     1   352    82    10   349   228     4
   409   143     1   400   391     1   474   284     7
    58   466     7   246   143     6   368   465     8
    68   405     5   332   362     7   157   211     3
   196    60     4   234   415     8   265   497     4
   461    84     1    12   265    10    76   440     9
    10   195     6   238   423    10   374   279     7
   168    13     4   471    90     1   299   180     7
   317   365     7   365   145     3   382   467     8
   317   466     2   487   304     3   206   159    10
   206   276     4   303   494     9   178   404     6
   451   492     2   270    38    10   104   232     6
   298   331     4   190   161     5   367   281     3
   238    87     8    47   284     2   372    62     3
    57   468     9   312   124     8   384   417     4
   195   329     1   196   232     5   369   213     3
   476   321     3   201    73     5   197   381     2
   362    95     2   373   202     7   248    87     4
   227   359     2   164   345     3     5   485     7
   122   454     7   148   308     2   444   204     5
   320   444     5   383   298     8   420   182     7
   467   484     7     5   406     6   234     5     1
   223   381     4   358   381     7   378   417     8
    59   118     3   243   220    10   136   418     1
   250     1     8   280   136     1   161   141     5
   182     6    10    25    33     9   327   227     7
    75    92     7   427   265     5   200    68     6
   231   268     9   155    35    10   224   430     6
   435   213     9
