            1
          500        2500         125 318
     315     110     321     384      79      67      94     371     124     153
     416      25      51      97     289     431      24     444     455     394
     173     250     491      10     137     499     120     355     189      55
     290      84      83     146      31      70     269     412     180     494
     230     202     216     286     488      16     113     278     433     213
     138     169     222     353     493      33     171     194     381     344
     296     262     200     485     388     406     372     223      18     145
     214     348     264      76     335     327     300      45     160     192
      44     162     357     415     453       7      62     345     392     288
      98     319     156     188     467     483      96     313     150     310
     154     204     276      43     368     158     407     131     258     302
     343     317      61     254     320     377     291      12      88      48
     266     331     275     251     241
      26      74      97      45      32      65      47      54      78      86
      57      74      85      88      24      11      93       4      71      79
       4      50      23      41      51      65      84      33      97      29
      59      53      94      33      70      73       8      55      24      18
      29      16      79      74      12      63      94      34      43      58
      33      15      56      92      74      74       8      66      86      62
      55      26      63       9      19      23      77      19      22      72
      34      69      70      97      66      71      34      77      97      75
      97       6      63       3      16      93      41      59      11      88
      43      62      50       4      75      39      66      85      47       3
       4      28       1      81      76      61      39      77      84      84
      90      66      27      34       3      31      33      80      43      10
      68      41      98      68      91
   224   496     4   224    13     7   459   496     6
    13   197    10   314   224     1   496   131     3
   268   224     8   268   489     8    91   268     8
   489   388    10   224   420     7    74    13     4
   268    39    10    97   268     1    14   224     9
    66   197     4   395    39     5   314   295     8
   209    66     6   344   388     6   368   131     5
   295    83    10    91   320     7   372    66     8
   359   420     8   203   372     2    24   368     8
   209    34     2   395   302    10   176    24     9
    83   172     6    74    15     7   470    39     6
    10   197     5   346   131     5   459    65     7
   176   263     9    34   119    10   420   456     9
    14   301     2   344   191     5    10   150     3
   344    82     5   144   470     3   496   175     2
   144   214    10   175   373     3   101   388     3
    66    71     6   372   350     2   428    97     7
   413   314     2    34   102     9   464   413     5
   304   368     1   322   144     1    56   350     8
   101   216     9   150   310     6   101    16    10
    35   175     5   346    87     3   214   277     5
   422   420     4    71   425     7   370    74     8
   163   302     9   215   203     9   263   236     3
    91   159     3    68   131     7    65   454     1
    71    86     3   285   304     1    37    35    10
   485    14     6   328   203     9   203   234    10
   215    61    10   304   475     7   119   261     5
   453   295     4   131   173     6   244    56    10
   491   425     3    65   426     8   301   375     3
   131    99    10   248   328     6   497   464     2
    99   189     8   189   410     7   375   476     4
   397   216    10   365   236     3   434   370     5
   252    24     2    32   261     1   424   320     6
   379   310     5   398   163     7   169   304     7
    10   276     7   252   487     1   442   420     7
    25   310    10   100   395     4   172   383     8
    25   148     7   458   413     1   421   236     6
    48    97     9   475   280     6   464   212     4
   310    57     7    82   273     1    77   224    10
    37   313     3   427   428     9    24   251     9
   458   404     7    71   294    10   167    77     9
   434   419     3   398     5     4   270   285     1
    46   322     7   227   215     7   395   481     6
   320   352     4   407    15     8   145   163     7
   252     7     3   148   330     9   175   161     3
   446   489    10   193   375     8   144   288     4
    27   481    10     5   469     6   346    38     9
   236   296     4   470   305     9   252   231     1
   368    79    10   169   140     8   349   407     8
   487   355     9   216   377     7   223   404    10
    34   129     1    20     5     8   295   439     3
   425   195     5   359    98     3   348   169     6
    20    60     7    95   268    10    32   204    10
   333   454     5   410   319    10   417    46     9
    23   365     6    16   335     7    71   325     4
   377   279     7   299    48     6    16   226     7
   466   161     9   481   363     6   194   288    10
   201   355     4   419    94     4   226   289     7
   395   121     3   281   261     7   124   191     6
   310   149     1   418   124     4   204   259     5
   115   226     8   246    65     8   140   343     7
   479   294     1     8   195     1   121    47     4
   382    99     4   301   471     8   130   305     4
    15   157     1   419    41     1   366   259     3
   222   464     9    11   363     9   320   146     5
   353   216     1   315   149     1   214   136     9
   425   233     4   394   459     8    96    86     7
   382    89     4   234   412     5   388   308     9
   385   124     5    96   478     9    71   118     5
   417    70     2   233   376     8   238   353    10
   109   471     7   230   273     9   277   374     3
   455    79     4   231   166     6   458   488     1
   149   336     5   419   467     8    35   126     2
   297    23    10   312   150     5    83   447     4
    28   163     7   295   187    10   470   262     6
   320   106     2   480   216     7   109    84     6
   407   269     6    17   236     6   372   196     6
   181    91     6     4    97     7   467   283     5
   476   451     5   140   334     5   182   273     2
   286   313     5    15   345     5   466   327     5
   166   415     9    76   262    10   333   198     2
   324    89     1   213   106     2   344   117     8
   476   168    10   459   342     5    13   477     1
   320   356     1   439   155     5   259   431     8
   206   348     6   288    90    10    96    75     3
   367    38     8   194    81     2    44    86     5
     9   417     2   175    92     8   185   169     1
   153   456     1    52   259     7    81   403     5
    93    35     7   215    31     5    28   242     7
   454    50     9   196   186     9   462   373     4
    66   250     7   303   410     9   143    83     1
   484   475     1   111   216    10   204   264     3
   333   473     1   349   445     2   199   328     2
    22   488     4   378   198     4    32   228     2
   176   339     4   452    34     4   344   411     5
    76   164     9   499    93     5   453    43    10
   425   354     9   361   144     1    45   458     8
   305   307     4   420    26     3   114   129     4
    83   326     9   277   127     4   119   483    10
   160     4     9   438   395     1   390   181     6
   367   360     2    62   410     1    63    35     5
   448   427     9   132   102     6   336   292     5
   492   212    10   455   205     3   243    20     2
   237   453     6    58   365     2   115     2     9
    52   104     3   110    15     3   104   357     6
    70   347     6   137   315     3    95   229     8
   287   310     6   135   446     2   165   373     6
   250   408     8    35   337     8   104    30     6
   120   398     6   192   124     9   109   284     2
   442   253    10    42   262     7   442    78     4
   265   165     5   203   247    10   392   166     6
   458   207     4   388     6     4   457   229     1
   474   111     4   391    23     4   180   132     4
    49   303     5   107   299     2   253   449     8
   481   329     1   100   190     9   247   291     1
   457    54     8   457   460     7   414   489     3
   341    34     4   413   255     4   430    63    10
   436   413     5   380   448     5    28   210     9
    70   221     1   152   127     4   314   249     9
   379   437     8   441   420     8   188    91     8
   380    67     2   367   105     3   225   322     5
   374   362     3   393   287     1   203    85     1
    23   260     5   384    86     4   492   402     7
    92   493     1   257   307     4   416   149     9
   309   196     8   218   442    10   468    11     2
     1    82    10   486   466     2    33    81     1
    30   241     8    36    83     7   401   165     3
    19   279     1   137   235     8   125   279     7
   276   317     4   483   239     3   109   156     1
    29   212     4   142   398     1   244   282     3
    19   177     3   460   183     1   138   410     8
   271   408     1   208   384    10   405   304     7
   490   328     7   337   494     6   278   262     3
   137   440     2     3   188    10   240   282     8
   211   305     1    12   477    10   237   371     8
   220   205     1   136   116     6   140    72     2
   494   293     5   261   170    10   443    12     8
   382   389     1   258   182     4    46   147     4
   158   145     4   329   254     3    22   423     8
   108   383     5   160   300    10   131    40     9
   250   184     1   133   107     7   385   113     7
   396    94     2   266   309     5    29    51     8
    64   372     3    96   406     7   219   125     7
    38   232     4   213   332     4     5    73     1
   156    55     3   131   311     8   498   113     7
   331   271     8    14   139     4   290    37     1
     6   134     8   213   298     3    15   272     2
    73   171     4   200     3     4   116   267    10
    13   318     1   472   329     1   450   328     4
   160   178     6   252    53     4   202   177     8
   247   316     7    60   444     8    11   409     6
    59   236     1    58   123     1   465   264    10
   217   114     7   358   158     2   435   116     3
   461    75     3   162   145     7   179   214     4
    51   321     4   303    69     3   392   399     1
   162   351     7   338   412    10   141   170     1
   151   118     1   367   495     3   117   364     7
   186   174     7   304   306     6   452   256     6
   292   387     3   264   432     3    56   245     5
   204    80     4   179   400     5   451   369    10
   210   433     1   392   482     1   323   466     2
    45    18    10    43   340    10   470   381     9
   136   275     3   308   274     9   463   355     2
   103   308     6   127   112     3   128    34     6
   267   386     1   256    21     6   154   392     2
   122    47     3   380   429     3   500   299     6
    88   450     7   326   375     8   341    52    10
   426   308     3    82   337     6   158     9     9
   352   354     2   198    44     5    80   466     6
   185    69     2   230   139     8   413    85     1
   161    70     4    22   122     1   323    39     2
   133   456     5   428   300    10   423    64    10
   292   370     6   302   248    10   364    11     5
   359   349     1   356    57     5   426   175     2
   270   105     3   453   464     6   306    37     4
    25   110     3   140   291     6   239   318     2
   453   414     1   273   277     9   232   422     2
   334   162     7   236   428     5   481   262    10
   439    11     1   252    98     1   325   264     3
   125   107     5   198   187     2   440   429     9
   127   382     6   147   495     5   301   311     6
   497    25     7   490    50     1   261   288    10
   184   234     9   101    26     1    28   490     2
    81   299     1   138    70     5   148   278     2
   211   219     6   249   438     2   424    27     6
   174   181     9   389   201     1   484    40     5
   355    95    10    59   113     2   444   454     2
   386   371    10   282    40     4   107   484     3
   289   449     4    50   482     1   373   494     2
   107   358     3     5   132     1   431   251     2
    95   350     7   340   229     2   261   302     3
   191   429     3    31    68     7     9   199     2
   250   302     1   339   472     4   369   226     8
   175    14     6   209    32     6    89   185    10
    72   330     9   427   454     8   376   181     9
   128   112     6   396   246     5   145    28    10
   399   463    10    11   289     9   469     7     5
   351    50     5   203   428     7   476   219     2
   305   311     6   333   369     7   394    14     7
   316    27     7   185   300     7   458   244     6
   220   253     4   212   386     1   315   333     5
   112   441     8   403   408     9   179   103     1
   140    53     4   436   258     7    51   312     3
   471   105     7    33   297     7   328    55     5
    16   229     4   189    18    10   126   498     2
   108   456     2   198   463     5   323    26     9
    19    70     4   107    56     4    30   189     5
   341   217     6   342    89     9   402   243     8
   380    22     2   212    93     8    16   394     1
   486   361     5   303   498     7   282   301     2
   143   191    10   257   470     1   332   427     8
   332   168     4   471    72    10   323   218     3
   403   468     3   497   306     6   275   326     5
    27   290     4   278   331     7   224   114     4
   443   283     4   290   393     2   336   246     6
    75   396    10    69   233     3   250   412     9
     8    63     6    33   307    10   380    38     7
   241   199     7   495    45     9    51   459     2
    24    42     1   497   227     4   337    45     9
   495   328     7   266    60     3   365   415     6
   224   249     3   125    86     8   452   385     4
   239   441     5   261   145     4    74   388     2
    90   340     2   289   489     7   289   280     6
   237   365     5   418    55    10   430   147     7
   196   346    10   317   141     7    22   180     8
   232   447     2   415   257     9   440   326     3
   154    68     8   379   274     1    66   348     5
     6   440     5   243   116     6   116   181     5
   359   221     2   311   157    10   371   379     4
   351   289     6   244   397     1   290   303     6
   237   354    10    13   405     9   129   441     5
    51   393     8   368   478     7   306   290     5
   389   474     4   151   340     7    48    61     3
   263   437     3   415   162     9   325   234     3
   224   126     1   202   146     5    87   331     9
   251   221     8   485   199     1   157   202     3
    40    42     2   423   339     1   485    94     7
   363   245     1   353   255     2    15   428     4
    69   447     5   189   366    10   150   374     1
   178   219     9   143    60     2   120    35    10
   270   140     9   466   145     4   301    54     8
   245   165     1   453   279     1   407    96     7
   309   151     9   152   462     4    50   126     5
   189   494     3     1   319     3   445   205     6
   455   312     1   390   236     2    51   406     9
   390   272     2   145   405     7    50    55    10
   455   457     5   136   244     1   297    90     8
   440   472     8   421   462     8    90   265     7
   375   169     5   219   373     8   374   342     5
   268    20    10   157   446     6    61   368     9
   470   247     2   424   381    10   123    96     2
   486   325     6   222   187     8    95   408     9
   152   477     2   282   394     2   370   177     3
   309   403     1   365   327    10    23   294    10
    41   423     2    22   384     9   190   224     5
    87   455     3   469   427     7   284   384     7
   370   285     7   209     1     3   482    41    10
   349   411     1    73   306     8   422   161     6
   473   187     3   220   428     1   273   180     7
   239   479    10   219    51     1   320   449    10
   415   417     3   102   160     5   440   427    10
   414   452     6   136   424     1    50   328     6
   300   369     8   428   223     3   496   212     7
   282   143     3   124   414     2   430   332     5
   323    62     8   499   273     5   248   199     4
    23     8     4    21   300     7    77   214     4
   320   498    10   429   467     7    30   301    10
   198   341    10   251   248     6   419   278     4
   477   318     1   424   229     3   315   500     5
   157   176     3   166   267     4   390     2     9
   135     4     5   425   328     5   219   355     2
   306   400     6   313   430     2   284    89     9
   421   200     1   376   486     4   478   208     5
   500   150     2   283   415     6    66    11     3
   262   240     2   331   253     6   317   458     1
   109   185    10   218   149     4    89   259     7
   480   484     3   251   406     7   418   285     9
    58   482     3   321   423     7   299    31     4
   370   455     9   100   468     2   322   342     7
   106    76     6   151   319    10   381   190     2
   189   195     4   126    58     6   101   162     3
   441   136     7    19   253     6   178   133     8
    35   410     4   122   396     4    92   285     9
   498   462    10   302    34     6    96   335     1
   375   348     9   351   229     6    56   435     3
   227   402     4   318   442     8   178   412     4
    43   306     8   280    50     3   272   176     5
    19    60     7   450    53     5   453   226     3
   337   227     8    61   118     6   332   376     3
   412    65    10   111   165     9   142    26     8
    66   363     5   473   312     5   382   443     3
   403   198     8   446   268     6   318   486     4
    75    33     2   433   275     6   489   407     3
   340   245     7   325   182     9   375   271     2
   278   179     1   412   500     3   375    82     4
    70   455     2   153    52     8   322   260     5
   118   352     7   461   388     4   120   343     1
   393   406     4   290   245     6   480   267    10
   118   390     9   252   166     4   302   314     4
   441   384     7    84    63     7   464   227     5
   198   246     1   483   116     6   337   299     6
   208     4     8   235     2    10   428    70     8
   484   299     3   485   280    10    85   309     3
   353   292    10   416   116     4   392    28     6
   117   315     6    57   396     9   263    66     9
   100    34    10   352   473     6   254   160     3
   305   159     5   151   428     4    70   310     5
   292   366     3   459   164     3    38   110     6
    97   296    10    12   332     1   214   270     4
   344   416     3   478   270    10   127   254     2
    75   406     7   305   183     7   263    50     1
   143    41     5   369   407    10   193    90     7
   297   487     7    63    70     8    88   114     4
   126   290     9   421    38     1   145   125    10
   281   344     6     4   100    10   324   226     4
    34   321     6   339   246     3   341   380     4
    83   175     4   141    17     2   268   228    10
   188   328     9   285   403     4   282   365     4
    88   351     7   381   457     4    71   250     2
    15   434     4   155   329     6   301   297     3
   345    35     8   416    54    10    58    16     5
   131    31     2   167   381    10   439     9     2
    54    56     8   341    96     7   153   229     2
    38   204     6   201   449     2   174   248     8
   339   425     3   238   457     2   381   272     7
   185   481     4   490   364     5   112   265    10
   164   131     2   131   484     3   424    60     4
   229   115     7   440   264     2   202   412     2
   134   355     9   235   300     5   481   176     3
   331   334     1   430   224    10   458   478     2
    86   274     1   386   381    10   225   187     7
   205   405     9   283   360     9   183    53     5
     4   492     4   109   228     4   496   245     6
   257   270     4   279   106     5   176    45    10
    13   333     9   448   224     8   278   204     4
   452   355     2   203   458     5   225   243     7
   360   122     9   438    47     2    74   207    10
    43   409     3   131   443    10   329   224     5
   487   350     4   194   139     2   461   391    10
   426   189     7   263   452     1   218   466     2
   235   274    10    49   297     9   380   201     6
    25    72     2    91   487     7    59    45     9
   441   303     7     8   265     1    30   181     6
   154    51     8   265   298    10   290   118     4
   376   430     1   120   255     2   472   324     4
   420   113     2   300   289     3   153   354     2
   497   173     9    90   390     2   115   302     6
    55   240     3   353   306     1   453    32     2
   252   183     1    27    35     8   264    48     3
   111    54     6   149   262     1   301    25     8
   137   261     7   226   201    10   122   424     7
    79   188     4    21   257     2    61   456     3
   139   362     9    75   308     3   282   393     5
   243   361     2   199   202     5    29   376     9
   245    57     7   184   356     2   439   149     6
   392   158     2   360   162     7   155   267     3
   399   472     1   151   341     1   480     6     9
   113     8     2    68   292     7    11   362     4
   211   299     5   224   368    10    33   394     3
   199    48     9   182   360     8     7   312     8
    18   151     1   218    78    10   125   168     7
   491   251     9   193   390    10   149   242     7
   198   130     2   497    92     2   500   212     8
   228   485     5   324    46     5   138   297     3
   362   293     7   235   214     9   111   297     4
   413   291     3   350   313    10   262   243     3
    79   410     5   143   176     8   154   110    10
   432   252     3   145   492    10   215   391     3
   265   251     4   102   312     8   284    84     4
   429   103     2    50    47     7   131    83     4
   376   338     7   207   251     8   335    53     7
   411   462     9    69   118     6   351   194     3
   314   238     4   403   389     9   496    89     6
   466   201     3   280   218     4   175   190     3
   109   207     1   115   259     7   377    11     4
   217   456     5   314   335     8   171   329     7
   170    78     3   423   156     4   317   197    10
   200   277     8   290   185     5   322   112     4
   275   222     5   160   449     7   384   451     6
     9    54     8   389   161     9   223   151     2
   310    35     7   394    63     7    52   134     2
   280   126     4    50   431     1    79   267     6
   321   472     5   364   168    10    89    85     8
   116    65     2    70     2     4   337   198     9
   470   188    10   265   429    10   419   315     5
   199   273     8   126   467     1   112    49     1
   369   212     8   189   498    10   177   267     5
   112    62     9    78   118    10   100   188     5
   146   222     9   351   285    10   162   392     7
   377   118     1   154    50     4   287   387    10
   181    34     6   200   216     2   401   138     4
   490   466     4   104   304     7    68   478     5
   475   276     7   188    55    10   307   287     6
   381   134    10    25   465     1   496   200     2
   367    15     9    48   220     7   204   324     8
   268    85     5   133   435     8   182   497     6
   495   204     6   295   310     5   399    54     4
     6   495     1   191   309     8    82   112    10
   428   438     1   120   375     7    69    33     2
   249    67     5   449   374     5   460    70     8
   115   482     9   349   179     7   296   284     1
   492    72     7    59   414     1   290    30     9
   363    78     9   278   392     4    64   400     9
   187   251     1     3   364     3   425   235     9
   279   414     5   165    19     8   443   103     3
   490   212    10   269   382     8    59   404     9
   106   292     6   156   369     9   111   380     3
   470   404     6   269   320     4   323   193     9
   191   384     4   473   194     1   370   439     8
   341   281    10   220   242     1   362   384     8
   244   391     3   253    38     9    68    96     2
   463   109     7    17    61     4    49   221     9
   219   403     1   177   214    10   379    76     5
   225   117     7   291   299     2    43   206     6
   202    94     2     7    98     3   242   479     2
    56   439     2   322   210     8   184   305     2
   479   317     8   403    31     1   321   459     9
   164    22     8   332   450     4   109   122     7
     2    75     8    39   299     9     8   276     2
   413   258     8   214    10     6   192   173    10
   298   195     6   172   264     2   398   473     1
   306    60     5   394   276     8   226   106     7
   172   149     5   142   480     4   285   331     7
   238   171     8   387    10     3   271   208     5
   423   103    10   151    52     6   242    64     9
   143   475     1   157   290     9   318   365     7
   450   268     2   258   170     9   208   129     7
   365    97     7   279    61     5   299   301    10
    38   160    10   134   315     1    45   376     6
   339   230     5   442   170     9   499   449     8
   424     9     9   192   338     5   299   452     1
   335   220     5   390   288     9   141   199     5
    56   254     1   170   330     2   257    48     5
   306   174     6   175   154     9   204   400     9
   119    26     3   328   395     6   216   473     7
   131   343     2   215   416     4    71   248    10
   271   206     2   233   417     3   261    95     2
   262   354     7    93   397     8   363   337     3
   104   481     5   247   383     4   198   368     2
   367     3     7   380   307     1   234   274     8
   166   155     1    53   444     8   424   382     3
   400   316     7   335   223     2   368   317     8
   286   348     5   324   254     3   499     3     4
   128   284     2   147   231     9   421   170     9
   182   151     2    47   473     4   193   446     4
   498    12     9   389     8    10     4   163    10
   264   154     6   221    34     1   460   137     2
   237   330     4   255   290     2   386   397     1
   291   346     6    31   388     2    55   271    10
   200   233     4    19   238     3   295   498     3
    14   475     4    18   213     3   224   378     1
   480   496     1   383   457     8   446   387     2
   396   476     2   131   474     4   293   497     7
   212   245     1    13   478     8   473   359     8
    36   100     2   111    43     8   455   460     9
   258    33    10   126   453     4   317   265     4
   106   270    10   313   231     2   450   486     2
    38   331     6    30   349     3   269   143     8
   143   430     1    41    39     2   334   108     7
    44   249     8    18   150     5   153   169     9
   269   244     1   385   211     3    59     9     4
   179   238     9   314   369     6   317   360     8
   439    93     4    67   362     9   276    61     4
   440    47     3   152   373     4   299   327     3
   222   401    10   367   484     4   197   365     3
   267   478     2   411    33     1   461   433     6
    88   178     2   148   472     5   121   316     8
   265   316     7   169   189    10   340   261     3
   172   108     7   384   453     7   288    34     4
   384   285     3   199   235     4   477   124     8
    70    52    10   254    72     9   424   171    10
   345   331     8   174   211     8   107   369     1
   313    42     5   241   123     1     7   467     8
   376   334     2   450   335     1   496   400     1
    62    25     4    98   497     1    86   267     2
   275    83     7   268   475     9   151   280     3
   277   271    10   322    84     9   247   243     1
   186    18     6   428   283     4   413   180     8
   115   406     7   106   442     3    49    19     2
    67   255     4   378   303     8   224   107     7
   330   184     1   402   289     5   348   362     9
   233   282     2   314    75     9    31   184     2
   132   155     7   268   345     2    68   417     9
   324   417     9   198   472     3   192    87     8
    63   125     7   254   467     2   358   141    10
   274   255     6     7    31     2   330   264     5
   202    51     5   238   373     7    58   302     9
   394   247     9   408   419     4   345   438     1
   132   252     6   252    43     1   129   493    10
   335   371     1    83     8     8   461   345     1
   176   197     4   397   203    10   125   493     7
    10    98     9   265   447     6   479   427     6
    90    12     1     7   490     1   484   276    10
   486   214     8   330   396     9   216   117     5
   392   131     4   460    97     6   419   304     7
   345   247     6   452   246    10   466    86     6
   310    13     4   379   294     8   164   498     3
   452    89     3   237   472     5   430   453     2
   184    56     4   170    93     2   314   346     9
   197   157     6   236   402     4   165   310     9
   181   280     5   132   494     9   229   164     1
   348   179     8   474   130     3    65   458     4
   488   375     7    91   234     4   283    42     3
   325    85     8   130   454     8   244   343     2
   294   426     1   147    32     5   476   201     3
   309    65     5   189   387     1   435   396     7
    80   210     3   366   105     7    92   429     4
    94   314     1   341    68    10   286   242     9
   449    96     3   386   284     2   212    89     8
   266   258     5   485   204    10   359   347     1
   335   257     5   123   214     6   188   291     6
   280   214     7   385   193     9   461   402     3
   153   466     3   429    23     4   331    70     8
   314   118     6   344   471     2     6   500     9
   431   175     1   488   339     5   229    34     9
   251    59     8   251   480     4   238   494     9
   354   123     9    30   425    10   318    88     4
    59   356     6   417    69     1   158   271     5
   173   370     5   304   497     2   137   462     6
   124   499     3   409   102     8   234   128    10
   156   336     5   163    41     5    65   136     4
   497   209     1    58   220     5   396   136    10
    78   176     1   154    13     3    67   389    10
   154   119     5    63   423     4   365    77     6
   159   367     4   208   388     8   353   268     7
   440   384     9   224   261     5   207   326     7
   496   300     5   441   300     5   369   104     2
   240   497     9   405   269     8   116   290     6
   356    88     6    19    79     3   486   320     5
    30    20     9   175    93     9   304    11     6
   262   473     9   106   231     9     1   370     3
   269   262     8   327    34    10   109   267    10
   297   362    10   424   420     3   292   226     2
   112   351     1   225   148     8   135   130     7
   461   126     8   230    41     7    11   104     7
   276   161     4    23   417    10   105    26    10
   458   205     6     8   204     5    35   257    10
   400    56     8   252   465     7   384   338    10
   408   450     8   358   387     9   192   214     1
   469    53     1   301   214     9    92   480     6
   105   481     5   317   164     2   212   299     6
   211   122     4   384   326     3   261   475     1
   100   193     8   183   436     3   287   496     3
   205    70     2   126   465     1   388   314     5
   473   412     4   445   292     5    41   235     9
   110   201    10    88   435     7   173   140     9
   359   159     3   300   482    10    89   227     8
   267   473     9   247   261     5   460   223     2
   204    50     4   104   275    10   261   427    10
   130   149    10    83   266     7   490    55     5
    62   484     1   266    88     7   167   386     5
   304   283     3     3    71     7   136   417     8
   366    36     5   216   165     4   272   203     8
   294   192     9   442    47     6   362   396     3
   363    16     1   200   240     7   297   340     4
   276   173     9    51    54     4   174   188     8
   436   278     2   300   365     9   443   167     8
   216    82     7   417   153     9   300    69     6
   311   480     7   393    10     1   125   366    10
   422   208     7   305   234     4   112    32     3
   254   147     1   212   471     7   416   381     6
   351   216     3   315   414     5   202   473     8
   390   487     3    40    54     4    54    47     4
    93   375    10   279   194     8   459   251    10
   136   131     6    23   431     8   379   499     4
    32    40     2   114    89     5   180   298     1
   113    95     7   300   303    10    44    94     1
    95   184     1   346   336     3   390   314     4
   418   383     4   170   275     5   281   109    10
   358   392     8   470   482     9   244   123     1
    31    18     3   142   490     7   138    98     8
   460   498     6   205    39     6   489   434     6
   168   358     5   192    43     8   421   430     1
   258    32     4   430   455     2   208     8     3
   176   207     5   483   467     3    22   260     3
    58   108     8   412   195     6   235   180     2
   479     8     3   329   198     8   461   452     2
   334   368     8   174   470     4   341   321     8
   110   456     8    82   419     2   318   341     4
   380   393     4   102   399     7   290   250    10
   137   455     7   318   419     5   286   310     2
   254    84     7   219   242     3   470   309     4
   445   355    10    57    20    10   202   213     4
    41   262     8   370   356     4   365   179     1
   127   393     8   319   474     5   182   393     6
   426   263     7   295   154     1   186     9     3
   405    55     1   393   213     3   464   190     7
   254   468     1   422   244     3    48    63     5
   271   333     5   472    27     4    77   343     3
   277   175     6   348   355     3   353   283    10
    51    96     9   226   476     3   397   158     8
   303   372    10   143   107     8   482   101     2
   491    53     9   356   111    10   143   265     6
   160   439     3    21   443     5   301    20     6
   362   281     1   179   227     1   181   351     2
   197   448    10   357   487     2   367   402     8
   108   189     5   239   143     5   205   270     7
   482   239     8   167   245    10   277   236    10
   308   351     1   372   253    10   493   146     7
   450   470     5   260   328     5   154    59    10
    47    18     7   421   105     2   119   376     2
   358    77     6    56   259     2    94     1     7
   455   132     1     8   266     8   324    44     1
   470   338     7   442   127     7   362   317     4
    84   255     3    15   466     8   338   326     7
   482   462     2   115   149     4   350   360     6
    66   417     1    62   124    10   285   295     3
   305   463     6   197   213     8   308    95     7
   432   130     7    97    77     7   491     8     5
    73   426     9   475   492     7   381   104     8
    17   347    10   340   215     3    75   171     9
   194   291     7   222   231     7   222    94     9
   453   438    10    39   102     9   228   264     3
    11   293     5    70   117     5   129   110     3
     8   135     7    26   476     2   489   258     6
   315   239     5   461    92     2   346   450     7
   136   294     2   432   449     6   414   174     6
   321   254     6   184    81     5    67   358     8
   407   213     4   339   272    10   109   374     7
   378   325     7   483   488     4   389   304     5
   283   407    10   292   496     4   407    95     2
   316   396     4    45   259     9    17    92     6
   293   294     3   163    27     3   452    30     4
   277   458    10   463    37    10   120   163     8
    40   200     9    99   343     8   393   424     4
   370   231     5   113   279     8   313   190     5
   396   281     8   307   178     8   126   106     2
   291    25     1    24   237     8   167    12     1
   128   391     9   374    57     4   426    17    10
     7   299     2    87   111     8    91    47     4
   151   282     5   288   420     7   340   122     1
   425   247    10   177   311     5   463   468     6
   140   108     7   401    83     3   131   225     1
   183   144     4   254   214     4   217    85    10
   352   302     8   219    81     8   397   168     8
   439    27     3   384   429     4    10   285     6
   177    37    10   144   358     3   479   430     5
    50   308     3   127   228    10   118   389     2
   372   192     1   201   183     9   324   106     1
   321   122     3   100   212     5   245   449     1
   251   124     3   480   488     5   352   367     1
   215   374    10   418   190     4     5   204     4
   255   419     1    89   433     7   129   294     8
   252   221    10   291   446     3   493   131     1
   127   229     4    19   162     1    44   348     8
    49   405    10   250   304     2   125   372     9
   128    72     3   181   328     3   358   390     5
   376   366     1   146   313     2   500   437     7
   194   209     9   490   493     4    83   400     7
   200   340    10   383   241     1   489     5     2
   191   462     4   130   401     4   384   213     5
    13   166    10   169   250     4   419   114    10
    30   244     3    26   338     1   176    88     9
   111   260     8    64    90     9   209   177     9
   190    69     8   329   154     4   298    65     9
   253   328    10   179   190     4    67   123     9
   194   392    10   412    23     1    71   357     8
   410   179     6   109    10    10    25   386     5
    95   246     6   406   291     2   499    94     3
   464    18     2   159   434     5   166   495     5
   163   361     4   492   401    10   309   359     1
   197   224     5   271    30     9   329   284     7
   284   179     3    30   357     6   393    34    10
     4   268     6   477   404     8   119   246     4
   374   331     8   138   298     5   265   120     7
   335    93     2   324   458     9   228   283     2
   458    38     1   430   300     7    88   278     1
   123    98     7   454   109     2   455   428     4
   335    62     2   439    44     8   333    46     9
   355   101     3   150   327     3   438   177     2
   106   491     7   131   498     1   320   340     9
    63   304     4   107   113     7   386   390     4
   494   138     2   387   167     8   371   326     9
   150   410    10   431   261     4   338    10     9
   133   476     6   458    61     9   347    77     6
    10     4     2   274   193     9    96   403     5
   178   382     6   232   209     2   419   283    10
   217   413     2   424    56     3   278   374     3
    18   123    10    24   448     6   350   324     3
   254    41     6   292    99     7    28    26     9
   416   432     8   281   421     1   223   413     5
   414   211    10   464    83     7   289   290     4
   364   243     2   416    71     4   485   334     1
    96   318     5   157   470     9   358   290     5
    24    67     8   185    65     9   193   290     6
   298    45     1   431   245     1   348   263     2
   145   237    10   104     2     4   255   294     7
   422   485    10   298   304     6    58   431     2
    30   256     4   382   221     7   271   293     2
   340   125    10   173   248     4   400   457     1
   302   154     7   285    65    10   101   476     4
   472   301     7   212   236     6   374   489     3
   367    37     4   124    74     7   347    92     1
   329   139     8   309   285     9   464    35     7
   147   142     1   235    51    10   183   212     6
   389   472     6   161   203     6   214   174     6
   418   348     4   409    38     9   489    25     4
   160   216     1   147   362     9   434    81    10
   165   299     1   418    58    10   270    90     5
   357    39     2   431    20     7   391    29     9
   388   423     4   472   135     5   364   344     2
    22   304     5    94   227    10   217    64     6
   247   303     6   276   104     7   121    67     4
    29     6    10   400   130    10   344    33     4
   433   334     4   388   229     6   123   137     4
   276   172     7   276   444     3    48     1     6
   115    50     9   277   381     5   463   438     7
   171    31     6   395   387     3   135   451     1
   280   100     5   393    88    10   247    51     6
   293    36     9   231   185     6   433   263     9
    11   340     2   242   231     2   177   465     2
    12   201     4   474   116     8   317   383     9
     2   199     6   415   289     9   275   229    10
   476   484    10   293   453     8   350   238    10
   412     6     4    17   395     9   253   481     6
   147   279     2   496   487     6   208   115     1
   458   406     4   335   177     4   389   354     2
   441   302     4   145   378     3   497   196     6
    18   453     1    54    61     1   450   393     2
   202   311     2   357   206     4   395   348     6
   270    74     8   371   301     1   242   458     7
   307   270     5   408   325     1    40   114     3
    74   470    10   427    44     6   166   394     4
   223   219     8   357   225     3   363    99     7
   187   234     8   254   176     3   256   200     3
   301   118     6   155    14     9   462    34     9
   384   256     1   152   388     8   141    70    10
   256   119     4   101   493     5   144   450     1
   196   193     1   105   137     3   433   381     2
   283   393     2   359   344     6   314   435     9
   311   153     9    27   374     9   295    33     7
   195    81     2   251   461     9   369   178     5
   432    67    10   401    93     7   218   121    10
    73   369     5   105    31     3    81   151     4
   427   178     9   434   117     3   287    57     4
   272   356     4   253   338     1   246    36     8
   325     2     4   316   311     7   173   353     8
   191   235     6   326    59     2   398   135     2
   143    79     8   212   165     1   206   444     6
   252   201     9   247   498     6   214   392     3
   304   179     3    72   179    10    17    36     5
   363   330     2   427    39     9    66    61     1
   104   344    10   412   224     4     3    75     9
   211   246     1    18   222     6   280   400     6
   121   137     9   485    91     2   218   105     1
   246   200     8   364    84     1   447   180     2
   107   134     1   369   122     5   285   473     8
   279   166     6   105   477    10    95   136     4
   138    18     5   217   259     6   193   392     4
   145   116     3    54   218     7   312     3     8
   133   204     9   362   303     6    60   473     6
    41   188     4   476   289     1   329   200     3
   476   157     1   120    89     4   353   392     4
   468   180     7   475   350     6   341   499     9
   349    62     8   438   319     2   400     4     7
   234   316     8   494   123     6   260   191     4
   439     3     5   155   341     2   153   184     8
    16   326    10   208   414     2   352   284     2
   470    72     7   245   107     9   146   189     6
   371    82     7   225   115     6    37   353     7
   348   144    10   439    65     5   375   227     3
   161   398     2   315   163     5   425   266     2
    66   475     6    56   366     7   332    24     4
   423   223     4   239   458     4   499   175     6
   150   478     8   387    90     2    32   448     1
   153    75    10   360   216    10   446   338     8
   318   453     7   468   239     6    84   452     6
   236   473     5   205   299     9   358   132     9
   242    32     4   291   390     8   349   162     9
    84   346     8   236   267     8   364   286     1
   482   456     4   429   274     3   177   105     1
   146    92     6   207   220     5   286   415    10
    76   347    10   457    62    10   186   120     2
   467    16     8   318    32     5   150   397     5
   175   427     8   168    35     6   353   391     3
   107   293     2    74   448     8   336   126     3
   280   187     4   458   375     7   487   483     9
   177   144     5   265   353     7   389    31     6
    55    83    10   379   447     9   331    45     2
   394   412     1   165   407     4   438    21     4
    53   493    10     6   459     7   159   469     8
    27   360     9   355    11     5   227   308     4
   403   226     7   167   230     4     4    52     7
    83   320     6   115    32     4   424   358     1
   462    55     5   461   257    10   153    86     9
   250   485    10    13   497     6   472   420    10
   422   313     3   263   292     2    14   359     1
   372   495     8   101    59     6   194   467     3
   378    27     5    43   174     8   380   154     1
   469   280    10   460   380     3    59   347     2
   137    61     6     7   107     6    75    58     1
   470   440     3   212   354     3   265   422     7
   358   154     5   470   148     8   141    90     8
   411   403     5   405   432     3   203   319     3
   282   342     5   184   329     6   108   277     1
   480   357     6   420   110     6   375   210     8
    37    55     1   255    11     3   485   223    10
   429   239     1   200   273     7   154   314     2
    65   233     6   329   444     8   140   100    10
   395   312     4    61   270     7   168   161     2
    53   290     2   453   443     3   476   113     3
   176   343     6   201   262     4   107   368     7
   476   471     8    13   323     2   229   284     9
   487    79     8    12   369     9   401   149     1
   447   170     7   485    20     8   432   105     7
   327   353     4   377   439     9   220   449    10
   266     9     7   378    24     8   487   265     1
   312   353     4   188    99     3     3   380     8
   278   246     2   408   394     9   473   130     1
   199   344     3    91     6     5   236   356     2
   287   318     6   401   146     1   435   293     8
   252     1     2   120   352     5   495   136     8
    60    90     9   118   288     3   341   207     4
   239   426     7   353   256     1    64   262     6
   171     9    10   143   400     1   251   167     6
   174   217     5   420     9     4   350   303     6
   180   168     5   337   116     1   133   345     6
   125   319     5   179   120     5   419   412     2
   485   262    10   285   119     9   222    59     8
   409   234     9   476    61     2    21   278     7
   383   138     3   252   318     3   147    80     5
   415   117     6   279   238     6    73   315     1
    59   147     3   369   297    10    76    79     6
   253   178     9   352   283     5    40   132    10
    88    90     3   300   298     2    99   244     6
    72    89     4   204   456    10   363   334     7
   316   290    10   460    44     1   241   373     2
   126   455     5    19   363     5    44   361     9
   365   195     8   102   248     8    16   479     8
    45   227     1   473   422     5   427    55     3
   431   239     7   385   493     9    59   490     1
   334   203     8    88    37     6   175   463     9
    78   175     9   203    71     6   376   436     2
   336    27     6
