            1
          500        2500           5  18
      57     437     255     382     298
       3       7       9       5       3
   194   175     4   175   275     5   194    50     8
   290   175     4   275   221     1   290    82     8
    50    41     1   275    83     7    82   330     6
     3    83     1   490     3    10   359   330     8
   490   466     2   290   236     9   343    83     6
   236   189     8   258   221    10   359   347     1
   153   466     3   175    26    10   339   236     5
   163    41     5   290   291     8   445   175     2
    41   326     1   105    26    10   105   481     5
   326   113     6   198   445     6   216    41     5
   359   159     3    50   173     3   275   467     6
   490    55     5     3    71     7   216   165     4
   173   432     2   153   431     6   347   393     1
   147    41     5   216   142     7   194   360    10
   431   398     8   499   159     1   113    95     7
    95   184     1   275   250     6   258    32     4
   467   110     1   329   198     8   165   341     7
   357   110    10   371    82     9   341   154     8
   393   195     3   455   339     7    82   254     2
   161   445     8   152    41     6   393   372     7
   182   393     6   154    40     4   405    55     1
   393   213     3   311   254    10   153    77     7
   175   263     7   303   372    10    50   179     5
   189   204     5   236   459     7   372   253    10
   303   450    10   154    59    10   105    81     3
   358    77     6   455   132     1    44     3    10
   338   339     9   127   339     8   466   377     7
   326   321    10   360   293     2   295   113     7
   197   213     8   308    95     7   432   130     7
    97    77     7   204    73     9   405   475    10
    17   347    10   445   453     9   293   242     2
   129   110     3   348    26    10   258   279     7
   450   313     3   432   449     6   271   321     6
   283   184     2   358   352     9   213   200     3
   197   389     7   233   283     9   496   161     9
    95    52     7   429    17     2   299   293     6
   139   163     1   120   163     8   343   387     8
   424   182     8   392   313     4   281   389     7
   178   360     3   291    25     1   449   374     2
   178   426     1   299    92     2   197   151     6
   177   311     5   401    83     3   254   214     4
   473   352     7    81   375     8   429   193     1
   285   258     4    37   496     3   232    50     7
   137   127     5   389    56     8   321   122     3
   449    45     6   124   139    10   488   232     8
   367    40     5   198     5     5   333   129     6
   221   492     6    29   127     5   200    19     4
     6    44     7   377    49     9   471   250     7
   372   417     3   313    64    10   437   308     4
   490   493     4    83   400     7   200   340    10
     5    54     4   462   182     3   384   213     5
   244   122     1   338    33     4    90   426     5
   378   329     4   195   298     2   179   190     4
   403   194     8   389   410     4   254   109     1
   487    25     8   238    95     5   283   406     6
    76   499     2   159   434     5   229   163     8
   401   458     7   359    21     4   271    30     9
   329   284     7   202    30     8    34   488     1
   360   119     5   138   298     5   265   120     7
   458   413     5   283    60    10   338    88     6
     3   123     2   455   428     4    52   439     1
   353   333     1   101   147     3   327   130     9
   177    85     3   491   340     3   320   340     9
   182   107     3   308   386     8   193   494     3
   167   358     8   326   442     3   431   261     4
   338    10     9   267    10     1   193   447     2
   178   382     6   232   209     2   419   283    10
   217   413     2    18   123    10    28    26     9
   416   432     8   281   421     1   223   413     5
   455   464     2    80   416     2   167   485     7
   318   233     4   470   432     8   374   185     2
   433   193     6   262   298     1   245    41     7
   263    96     3   237   496     3   485   465     6
   304   271     2   431    72     1   293    58     7
   125   485     4   400   457     1   302   154     7
   285    65    10   101   476     4   341   212     5
   289   374    10   124    74     7    23   329     3
   285   420    10    51   491     4   212   297     8
   161   203     6   214   174     6   418   348     4
    25   160     4   147   362     9   456   165     6
    47   418     2   455   270     2   220   357     1
   391    29     9   304   247     2   277   247     7
   433   334     4   388   229     6   179   276     4
   328   276     9   107    48     1   277   381     5
   395   387     3    51   286     6   231   185     6
    98   177    10    54    12     5   116   393     7
   261   415     6   441   275     5   463   476    10
   350   238    10   412     6     4    79   496    10
   299   208     3    22   458     9   151   335     4
   158   389     8   100   441     7   198   145     8
   107   497     4   259    18    10    66   202     7
   274   293    10   356   371     7   307   270     5
    43    40     3   470   472     9    44   264     4
   394   179     5   219   391     8   225   137     8
   256   200     3    14   416    10   388   366     3
    70   459     6   119   168     3   144   450     1
   196   193     1    84   359     7   406    27     8
    77   251    10   406   369     4   234   432     2
   486    73     8   175   427     4   117   122     6
    57   185     6    18   246     1   378   325     1
   160   316     7   398   135     2   143    79     8
    21   206     9   263   252     5   425   247    10
   278   214     8   136   304     4    17    36     5
   363   330     2   427    39     9    66    61     1
     3    75     9   211   246     1    18   222     6
   280   400     6   121   137     9   485    91     2
   218   105     1   352   364     2   107   134     1
   279   166     6   105   477    10   131    54     5
   133   204     9    41   188     4   476   157     1
   120    89     4   180   326    10   350   255     7
   499   423     7    62   369     9   319    91     8
   351   494     3   275   260     4   155   341     2
   377    16     7   414    76     8   301   245     3
   445   146     4   225   115     6   306   348     3
   495   439     2   425   266     2   186   423     5
   173   239    10    90    68     1   448    25     4
    75   461     8   446   338     8    84   452     6
   291   390     8   346   400     5    30   482    10
   207   220     5   240   175     9   373   168     1
   187   194    10   487   483     9   389    31     6
   493   379     9   413   331     1   165   407     4
   438    21     4    53   493    10   469   378     1
   244   227     7   169   284     6   403   226     7
   167   230     4     4    52     7    38   462     2
   257   469     4   485   422     7   269   194    10
   359   380     4   460   380     3     7   107     6
   440   116     5   470   148     8   141    90     8
   411   403     5   114   203     7   342   233     4
   108   277     1   480   357     6   210   393     1
   255    11     3   200   273     7   154   314     2
   444   364     3   395   312     4   443   122    10
   176   343     6   201   262     4   107   368     7
   398    13     7   478   368    10    79   361     1
   401   149     1   447   170     7   485    20     8
   353   199     8   439   430     5   266     9     7
   378    24     8     8   312     8    99   144     5
   344   149     2     8   435     6   370   252     1
    94   120     8   417   118     6   207   172     5
   171     9    10   167   288     4   162   350     7
   337   116     1   133   345     6    87   485     6
   369   409     5    61    86     1   278   310     8
    80   241     9   315    39     2   300   298     2
   484   363     7   126   455     5   361   436     8
   479   390     1   227    35    10   422   235     9
   327   385    10   355    88     1    78   175     9
   264   376     9    97   336     1    67    94     8
   296   189     6   160   192     1   156   188     5
   150   250     7   317    61     6   500   262     4
   304   399     5   299   128    10   434   324    10
   454   425     7   233     2     8   316   248     6
   104   128     1    62   106     9   304   408     8
   282   329     8   370   323     1   140   192     8
   134    93     2   431   272     7   218   489     4
   191   372     1   120   287     2   438   468     9
   301   112     6   354    98     2   209   164     6
   145   215     7   249   221     7   110   349     9
    59   322     5    93   102     2   498    23     3
    16   268     6   122   383     9   224   371     9
   393   205     2   474   170     3   338   292     5
   246   396     9   207   404     1   362   228     8
   397   138     4   365   473     6   451   449     9
   309   354     6   111   350     9   344    69    10
   431   181     6    63   320     8   317    42     6
   103   114     8   216   402     8     1   325     1
   244   183     6   115    15     8    94    46     8
    27   305     8   194   332     6   294   376     3
   243   396     2   242    16     6   137   322     4
   333   421     4   257    29     4   235   397     7
   337   205     4   478   171     2   440    11     9
    43   104     2   241   411     1   439   464     3
    87   175     6   412   123     2   150   153     5
   387   183     2    73   278     6   364   481     1
   420    32     8    69   339    10   186    39     3
    79   452     8   139   220     4   313    22     3
   252   410     4   214   372     3   184   318     8
   392   199     3   293   192     8   105   367     3
    57   234    10    55    97     8   310   369     9
   159    44     6    71   469     2   373    71     8
   226   263     8   176   398     6   237    63     3
   129   139     9   411   406     2   160   328     2
   155   474     4   284     3     5   158   216    10
   411   225     4   363   107     3   386   191     7
   295   405     7   497   317     1   354   202    10
   307   143     5   132   204     4   144   309     8
   116   279     1   322   414     5   319   375     1
   242   355     7    88   150     3   280    52     3
    96   343    10   196    17    10    84   463     2
   449   363     1   174   314    10   446   335     1
   411    61     1   407   148     7   267   499     1
   349   423     8   259   134     8   153   487     3
   373   340     2   451   171     9   376   491     1
   489   433     5     1   322     8    42   147     3
   183   140     2    45   361     7   305   201     5
    14   394     7   263   206     9    77    64    10
    85    68     9    16   304     1   478   228     6
   131   401     5   170   331     2   121   289     8
    13    67     5   127   179    10   318   424     5
   236   169     6   441    81     1    82   319     9
   169   101     4   152   132     5   378    20     2
   478   269     3   292    20     9    76   131     1
   359   205     1   429   342     2   470   361     8
   220   147     9   391   400     3   308   388     3
   208   495     8    82   431     6   481   192     2
    93   168     4   365   114    10   135   476     2
   292   252    10    68   425     4   219   418     1
   314   479     8     8   379     8   354   470    10
   351   372    10   163   435     7    77   316     9
   383   197     8   235   478     5   161   102     1
    90    20     9   322   431     1   243   499     4
   128    69     7   440   320     2   284    96     2
   272   381    10   114   497     5   443   292     7
   261   341     7   167   234     8   492   305     6
   282   365     2   283    88     1   197   102     1
   167    44     4    90   189     7    24   127     6
   222   451     7    79   229     8   499   250     1
   466    94     6   403   182     9   328   216     4
    53   208     9     8     5     6   462    77     1
    48    37    10   375   175     8   461   432     4
   283   133     7   449     2     9   385   393     4
   264   296     1   360    96     5    14   319     7
   369   383     7   107   357    10   217   115     2
   228   421     9    22   446     2   204   356     5
   135   354     5   391   333     8   243   247     6
   423    53     2    91   233     8   216   410     6
   436    99     6   133   403     5   334   282     6
   454   289    10   180   308     2   271   249     9
   472    90     6    55   273     4   269    94     8
   124   417    10   260   113     6   299   122     5
   304   212     4   424    82     5   326   465     5
   345    44     4   497   286     2   105   347     1
   469   394     9   252   330    10   499   424     4
   268    52     5   164   277     4   109   138     2
   342   170     7    69   316     8     2   461     7
   220   374     8   282   156    10   346   492     1
   375   362     9   128   482    10   179   414     8
   353   163     1   273   416     7   470   352     2
   128    47     6    50   329     1   185    31    10
   142   464     7   436   380     5    12   241     1
   121    99     6   403   234     1   110   271     6
   394   103     4   124   318     4   283   463    10
   168    43     1    40   197     3   403    82     9
     3   247     1   498   477     4    33   195     1
   219   437     5    22     6     6   365   222     6
   386   113     5   217   283     4   334   217     3
    36   259     9   425    39     6   181    18     4
   359   168     4   325   105     5    21   370     5
   337   426    10   214   118     4    25   182     8
   394   197     7   330   416     2    42   183     8
   475   175     3   197   339     9   280   306     2
     2   383     4    58   322    10   230   106     2
   172    89     2   176   489     6   393   330     1
   413   128     4    51    69     8   326   135     3
   264   213     8   415    64     8   130   351     2
   265   380     8   455   246    10   156   483     4
    63    41     2   494   409     3   271   169     3
    91    74     2   260   179    10   422   304     2
    44   347     8   466   173     6   482    50     4
   354   168     5   231     5     7   458    18     3
   447   158     8   289   459     4    46   121     1
    34   211     3   334   133    10   434   458     8
   239   383     4   435   342     7    74   143     5
    47   296     6   488   458     5   196    87     9
    72    22     5   298   383     1   223   172     1
   126   401     7   420   269     4   300   282     4
   106   191     7   424   369     1    33   415     2
   267   285     5   489    59     5   397   446     7
   186    47     3    86   377     8   364    94     7
   211   447     1   179   146     9   394   446    10
    10   444     1   192   324    10   412   456     1
   321    32     9    15   193     2   120    31    10
   385   101     5   399   463     1   230    78     1
   130   416     5   326   179     8    42   231     5
   155   466     8   177    26    10   143   481     3
   149    13     4   231   384     9   356    83    10
   179   444     7    16   117     8   400   240     7
   288   384    10   496   337     2   200   169     3
   393   411     9   156   424     4   475   256     4
   461    29     8   336   411    10   383   190     1
   304   216    10   436   155     9   361   495     8
   408    49     5   189   273    10   443   459    10
   147   496     1   150   288     6   481   185     2
   379   427     4   105   326     2   106   227     5
    18    37     5   334   350     9     4   454     9
   331    92     5   249    43     4   402   403     4
    85   376     6   368   278    10    22   329     2
   138   430     4   187   238     8   352   373     3
   154    94     4   238   233    10   189   393     1
   148   373     6   113    24     4   458   350     8
   181    69     3   309   261    10    81     1     5
   447    59     8   448    43     7   160    48     7
   248    11     5   413   265     3    24    85     9
   225    20     7   335   450     3   314   467     6
   294   158     6   438   133     3   440   451     9
   394   222     6    66   183     5   394   182     2
    11   117     8    25   435     4   121    52     9
   414    72     3   214   473    10   248   196     3
   490   137     1   134    77    10   285   257    10
   410    17     1   258   374     4   400   163     4
   500   259     9   138   467     5   409   392     2
   312   485     2    44   145     8    40   212     7
   131    64     6   442    89     7   141   377     5
   166   132     7   193   284     6   101   161     4
   344    22     3    38    19     8   303   175     3
   174   342     1   116   247     9   163    43     8
   277   427     7   131   330     2    57   248    10
    80    41     8   426   468     8   474    78     9
   452   117     7   461   154    10   145   447     9
   410   401     8   277   431     6   264   127     9
   167    68     7    31   293     4   314   102     4
   440   410     2   416   364     2   198    94     4
    60   427     7   256    89     5   100   214     7
   218   317    10   247   449     7   176   121     2
    39    10     2   380   475     5   391   362     7
   474   239     7   272   134    10    95    33    10
   239   490    10    92    20    10   437    84     4
   297   464     1   424    16     6   396   172     6
   151   477     4   312     9     4   322   476     4
   212   178     3   158   188     6     5   282     4
   451   323     5    68    80     1    32   314     8
   175   255     3   275   421     4   295   284     9
    61   499     6   445    32     4   370    74     5
   360   140     2   111   288     8   254   205     2
   180   434     1   437   443     9   384   112     2
   155   110    10   434   379    10    84    58    10
   396   168     6    42   201     8    29    70     4
    73    62     5   146    45     5   297     1     5
     3   492     9   232   187     1   412   267    10
   352   248     9   407   223     5   197   187     6
   294   359     1    35   155     7   170   134     1
   265   322     2   240   487     4   463   113     2
   341   249     4   118   213    10   214   457     7
    81   100     3   186   126     9   139   249     5
   322    80     3   292   472     1   360   125     1
    93   261     9   311   217     5    94   232     6
   391   350     8    77   408     2   193   138     9
   314   229     1   500   239     5   252   241     8
   221   323     6    34   303     9    31   285     6
   465   142     4   315   277     7   378   373     6
    68   165     6   428    96     5   392   410     7
    85    31     4   246   262     4   183   415     6
    17    39     1    91   313     2   302   161     9
   191    82    10   283   433     9   260   466     4
   318   393     7   212   118     7   230   111     3
    23   482    10   250    46     5   186    35     4
   222    76     9   468   281     8   308   164     5
   379   109    10   124   120     8   141   185     3
   145    91     4   219    60     4    86   435     4
   466   477     1   106   141    10   271     1     6
    58   499     3    51   173     9   389   117     8
   437   304     6   404   220     2   345   162     9
   121   339     9     9   374     9   348   182     5
   440   226     3   299   109     3   420    69     4
   219   289     1    33    14     4   342   460     9
   348    56     8   216   245     3   396   120     2
   251   304     8    50   405     1   109   430     3
   133   315    10   318   391     9   355   423     2
    62    19     5   219   350     8    32   485     2
    91   499     7   137    47     9   340    32     9
   254   120     7   325   266     3   267   249     3
   472   280    10   159    97     5    55   166     2
   364   173     7   461   354     2   181   360     5
   190   167     6   402   104     5   189   161    10
   463   272    10   452   280     7    52   147     7
   284    25     6   184   243     4   193    47     5
   142   125     6   125   349     7   113   365     2
   371   211     9   462   442     8   163   276     6
   266   455     3   326   329     7   469   196     7
   420   484    10   353   157     2   372   403     3
   385   500     1   344   484    10     7   161     6
   274   119     5   422   424     6   454   285     2
   331   353     8   234   155     3   173   491     8
   437   497     1   458   470     8   348   329     2
    71   420     4   362   360     7   269   381     2
    72   127     1   368    11    10   343   264     2
    59    28     6   388   382     5     3   228    10
    90    34     3   467   296     1   222    12     3
   470   239     8   382   111     3    96   107     7
   496   116    10   228    33     4   346   145     6
   359   479     6   333   224     5   222   280     4
   315   135     2   323   176     1   122    65     2
   279   167     7    94   368     1   309    19     8
   287   163     9   260    23     2   129    72     6
   301   122     2    24   211     4   350    12     2
   119   386     4   108   358     7   430   446     2
   142   194     4   366   387     8   208    10     7
   256   446     1   163   130     2    69   335     6
   334    58     5   417   102     3   359   303     7
   244   111    10   446    94     3   471    47     6
   459   171     2   428   316    10   116   368     1
   472   108     2   203   193     5   301   486    10
   201   121     6    51   252     2   488   446     5
   370    25     2   154   166    10   315   417     7
    70   491     3   410   370     4   284   428     2
   376   177     1   191   414     6    87    35     3
   402   312     8   110   138     2   203   444     9
   133   500     9    73   290     2   360   257     4
   366   279     2   344   129     8   190   457     6
   393   386     5   180   311     2    89   253     9
   144    39     6   322   152     1    74   393     4
   253   225     6   283   439     6   130     9     2
    26   298     8   291   298    10   302    89     9
   204   134     5   247   232     1    57   393     9
   379    28     6   334   341     1   224   334     2
   225   209     6   125   164     5   196   353     6
    50   316     1    84   246     3   347    16     5
   427   454     3   142   431     2   337   480     5
   378   272     1   431    85     1   399   177     6
   435    71     2   187   367     8   486   469     9
   368   310     4    63   182     7   178   257     4
    39    61     7   220   174     8   482   468     8
    82    32     1   377   395     7   339    33     2
    28    21    10   153   145     8   112   306     7
    38   319     1   281   476     8   231   371     8
   339   218     1   258   445     8   153   445     6
    13   386     4   383    65     4   284   135    10
   120   193     3   180   115     7   111   483     3
   279   444    10    27   114     1   403   118     7
   282   305    10   326   488     7   111   234     2
   281   302     2   343   460     2   200   236     5
   108    63     8   232   107     4   440    87    10
   164   375     8   444    17     3    75   217     7
   199   182    10     6   108     9   103   170     2
   257   129     5   178   130     1   480   187     3
   247   340     2   456   480     7   337    84     3
     3    13    10   186   185     4   103   244     1
    47   316     9   272    91    10   341   477     9
   230   164    10   251   291     2   474   232     3
   115   472     3   174   139     4   102    39     3
   198   393     5   111   114     5   379    65     8
   329   189     6   355   314     1   269   416     1
   393    20     8   223   348    10   407   459     6
   183   346     3   239   107     6   448   338    10
   223    37     1   127   439     3   113   392     5
    33   144     3   151   113     6   183   167     7
    97   214     2   395    21     8    72   231    10
   312   484    10   173   494     3   250   303     1
   265   298     3   420   418     6   260   480     8
   498   238     6   294   473    10   453   499     8
    71   134     3   137    87     8   242   217    10
    43   474     2    43   463     6   455   341     2
    75   346     3   319   424     2     8   235     1
   142   429     3    19   196     9   443   142    10
   330     3     9    46   152     4   483   296     4
   466    28     5   157   487     7   287   265     7
   388    45     1   451   339     3   338   183     8
   214   449     9   210   436     1   193   446     4
   221   381    10   477   465     8   235   389    10
   105   100     7   159    22     9   305    36     8
   448   483     7   307   346     4    21   250     4
   412    23     6   455   494     2   423   220     2
    67   303     1    85   428     8   408   210     5
   225    10     7    79   199     5   393   268     3
   136    33     1   346    49    10   161   200     8
   118   105     2   207   152     3   297   400     4
   278    69     2   234   141     9   261   210     8
   186   297     1   383   299     4   441    16     3
   237   276     2   132   414     4   100   188     7
   435   357     9   126    93     2   369   208     5
   436    96     2   410   181    10   383   370     2
   338    81     8   350   439     2   135   119     7
   113    45     1   183   373    10   123    38     4
   227   158     7   130   383     3   321   109     5
   451   246     2   122    30     1    16   181     8
     5   347     8   250    51     8   421   138     6
   104   454     5   119   243    10   121   453     8
   122   245    10   326   244     8   493   155     1
   218   275     3   191    17     2   471   132     6
   371   340     6   456   265     2   428   384     2
   200   241     4    60     5     5   442   302     4
   191   448     5    45    70     8   379    44     7
   498   346     2   258    11     4   347    26     1
    55   453    10   380   495     5   468   486     3
   449   192     6    29   413     4   377   332     5
   457   427     1   458   366     1   373   423     6
   405   171     2   365   322     8   215   425     2
   182   108     1   445   174     9   487   334     3
    14   434     7   165   390     1   441   149    10
   227   291     4    56   303     5    87   379     2
   446    58    10    20    36     9   345   141     3
   210   271     3   361   481     8   461   362     3
   260   483    10   351   430    10   219   411     7
   401   229     2   139   256     3    81   174     8
   482    22     4   192   124    10   121    42     8
    43     7     3   190   456     9   223   207     7
   248   358     5   286   447     1   144   435    10
    48   433     2   147   288     8   116    56     1
   479   189     5   351   299     2   121   318     3
   221   239     7   373   221    10   457   326    10
   396   269     8    33   133     5   335   189     7
   343   256     5   443   237     2   471   187     7
   395   384     3   235    49     6   219   160     2
   175   397    10   307   257     8   400   438     1
   166    42     9   275   246     8   360   477     3
   233   167     9   443   262     9   452    14     1
    75     2     1   246   135     3    13   290     4
   267   200    10    95   454     8   328    46     2
    83    11     8   367     8    10   174   221     1
   139   175     6   242   144     5    59   416     4
   383   448     9   147   249     8    23    30     6
   223   264     9   499   166     2    96    25     8
   490   447     7   111    66     3   337   459     9
    64   356     8   318    50    10   147   209     2
   400   144     4   359    65     8   360   356     5
   419   169     4   287   228     5   245    80     4
   116   150    10   199   466     6   357   120     8
    84    45     2    82    87     3   330   256     2
   470   282     3   201   475     3   418    57     8
   455   139     2   270   100     1   110   274     2
   365    10     1   321    80     6   466   314     8
   329   126     9   192   311     4   270   211     2
    19   191     2   165   106     4   481   107     1
   267    36     2   499   434     3   401   344     9
   252   398     6   129   432     2   477    75     4
    91   222     5   371   278     9   334   412     6
   185   165    10   191   483     1   153   427     3
    10   480     1   430   472     7   376   236     7
   495   142     6   314   404     9    54   299     6
   239   467    10    28   284     7   419   365     6
    44   485     3   127   283     9    55   450     7
   336   432     6   139    10     9   127    61     7
   313   159     3   456   471     6    63   399     2
   393   135     3   331    61     1   150    17     7
   290   300     9    28   377     8   112   291     9
   140   377     5   442   448    10   170   391     8
   318    65     4   482   237     2   287    45    10
    95   303     6   491   144     8   203   225     5
   344   365     3   368   113     4   465   260     4
    88     8     6   190   139     1   226    25     8
    73    56     5   111   275    10   425    20     5
   297    10    10   491   498     6    73   187    10
   342   265     7   246   161     3    54   319     8
   373   443     1    94    18     8   229   127     9
   157    42     6   312   249     5   449   220     9
   159   117     6   414    91     6   187   468     6
   436   474     3    10   443     7   231   463     6
   372   193     8   460   183     6   138   262     7
   236   436     3   199    16    10   290    35     9
   490   147     5    40   493     7   278    63     2
   182   431     8   385   235     2   368   460     8
   229   297     9   277   114    10   465   413     5
   250    24     7   266    73     5   432   291     2
   287     4     9   282   322     1   421   197    10
   164   405     6   125   386     3    35   485     4
   213    48     7   410    37     7   235    26     4
   124   339     3    45   161     6   379   405     5
   479   453     6   358   399     6   367   120     9
   300   157     3   241   157     5   112   389     8
    52   488     2   211   436     1   353   101     2
   460   141     2   378   260     8   232   154    10
   414    63     5    19   210     2   441   423     4
   265   430     6   216   138     3   334   171     8
   125    84     8   213   408     8   248   295     1
   259   279     9    28    32     4   111   125     3
   292   405     7   456   313     4   400   104     7
   352   488     5   216   433     9   296    28     6
   261   171     3   213   226     4   217   229     9
   350    41     8   104   119     4   329   294     2
   201   218     3    20   321     1   396    61     4
   227    80    10   341   312     9   171   176     7
   285   287     7   378   375     9   445   479     5
    42   320    10    42   483    10    15   466     1
   169    13     6   460   384     6   105    33     3
   326   415    10   361   294     5   410   188     2
   340   394     8   362   196     4   435    65     4
   413   443     1    76   466     4   171   452     1
   328   335     6   190   366     5   384   401     1
   266   424     7   300   123    10   112   375     2
   337   212     7    45   162     6   387   109     5
    34   135     2   395   450     9   424   268     5
   293   278     4    11   210     4    83   161    10
    43   267     3   152   430     7   407    87    10
    78   349     5    69   168     8   261   138     1
   155   430     9   327    61     6   308   460     6
   155   366     6   467   197     9   150   260     5
   160   254     3   294   435     9   103   431     3
   149    54     4    85   167     7   396   127     7
   245   276     7    82   232     5   102   431     5
   414   238     8   341   226     2   269   313     3
   456   368     9   385   427     4   253   232     1
   255   448     4   148   364     9   126   283     9
    82    52    10   382   270     6   420   262     6
   116   155     5   386   303     5   409   424     9
   435   101     4   366   225    10   275    58    10
     3    53     8   136   118     1   100   427     8
   119   199     8    79   162     4   180   185     1
   322   160     3   419   281     9   303   243     7
   165   300     5   333   499     6   351   433     4
   490   384     9    27   273     5   169   167     9
   292   289     6   324   322     4   390   162     5
   387   361     7     8    43     3   308   432     3
   215    25     5   331   299     3   104    27    10
   363   262     2   396   276     3   190   418     7
     5   369    10    96   122     8   307   317     8
    47   490     1   262   155     8   308   138     5
    67   287     9     9    69     4    27    70    10
   324   430     7    73   190     8   250   138     6
   414    11     6   259   309     7   400    77     9
   134   250     7   228   189     4   380   246     4
   264   399     3    37   276     4   263   171     2
   365   298     6   112   379     8   347    23     4
   422   209     7   175   105     5    22   362     2
   353   188     7   246    42     7    11   283    10
     9     4     5   373   162     9    93   273     3
   108   310     6   444   408    10   438    78     3
   117   193     7   232   267     9   121   194     7
   322   173     1   129   468     4   124   419     7
   287    40    10   460   241    10   267   234     5
    42   301    10   166   382     1    64   401     8
    80   156     4   142   289     5   158   430     1
   150   313     9   207   356     6    35   216     4
   457   398     9   220   314     8   347   488    10
   346    91     2   317   360     4   107   423     9
    21    49     2   126   453     6   113   194     2
   185   436    10   365   342     5   406   211     6
   470   265     1   393   132     1   287   148     3
   456   225    10   482   382     4   471    76     3
    27   376    10    58    91     7   228   212     7
    17    72    10    57    96     6   456    49     1
   492   259     9    77   278    10   460   159     8
    40   333     7   381   405     7   271   209     4
   313   474     1   383   309     3   404    17     4
   235   463     4    61   188     9    46    14     9
   348   387     4    73    81    10   154    63     9
   224   114     1   271   103     1   114    34     3
    12   477     9    10   293     1   298   489     6
   196   259     7   200   409    10   444   460     1
   261   391     2    27   350     8   114   145     7
   382    33     8   481    58     5   195   491     2
   253   212     2   216   177     4   225    67     4
   147   335     6   234   303    10    25    47    10
   151    10    10   390    91    10    87   161     7
   492   490     3   328   453     4   304   219     5
   416   398     9   347   312     8   106   368     6
   328   459     9   419   321     8    66   147     4
   425   368    10    41   453     5   281   136     3
   341    62     6   319    94     4   285   335    10
    97   109     4   103    13     1   436    59     6
   268   120     3   229   136     6   362   464     8
   443   241     4    90   367     5   311   495     9
    38   291     1   438   252    10   113   391     3
   135    26    10   122   331     1    27   252     9
   308   372     4   255   126     5   222   113     1
   418   416     7   347   469     7   278   351     5
   166   220     9   206    49     4   150   314     7
    85   297     3   194   101    10   201   484     9
   134   287     5    21   373    10   385   115     5
   316   498     4   376   432     7   220   376     5
    93   235     4   416   438     5   276   282     3
   426    73     7    18   475     8   433   274     3
   410   199     1    51   356     7   160    69     9
   307   108    10   462   420     2   305    19     7
     8   172     5   145   403     8   323   499     6
   444    86     7   240   272     1   417   248     9
   473   395     9   254   170     8   120   202     6
   185    55     3   210    33     8    65   245    10
    83   314     1   213   249     4   480    93     8
   479   471     9   106   283     4   475   347     7
   375    91     2   354   153     5   233   291     2
   125    55     7   207   455     8    60   306     3
   380   479     2   442   475     6    58   494     2
   404   333     6   495    45     5   427    18     8
    25   164     3    84   466     2   262   141     7
    95   191     6   158    69     2   477   114     5
   473    96     4   405    86     8   138   202     4
   392   214     9   214   406     4   350   380    10
   269   413     7   374    23     1   361   446     7
   158   491     3   118   181     5   468    57    10
   483   358     9    77    46     1   295   450     9
   342    98     6    17   328     7   292   212     9
    60   131     4    51   482     2   242   116     1
   306   312     1    17   189    10    48   339     1
    34   374     6   244   291     2   343    67     5
   363   186     5   477   382     5   457    22     2
   198    19     7   119    41     2    60   311     4
   133   260     4   450   198     9   485   326     5
   361   443     1   291   108     6   229   336     1
   211     4     9   147    56     8   151   261     9
   232   217    10    48   176     6   168   111     3
   254   286     8   102    61     5   284   188     6
    35   104     2   110   231     4   303   467     2
   298   124     2    74    35     2   178   453     3
   199   191     3   318    22     1   104    12     3
    36   466     2   362   139     3   315   102     5
   182   433     1   498    77    10   307    56    10
     1   335     9   238   323    10   274   333     5
    71   240     8   373   359     3   328   146     6
     9   217     5   125    32     1   213   181     7
   464   149     7   374   284    10   154    77     9
   492   263     7   331   402     5   206   102     5
   190   221     2    62   276     5   293   280     6
   136   388     6   411   160     2   166     3    10
   471    30     1   414   323     8   423    72     2
   500   435     7   211   244    10   350   206     4
   474   165     3   495   409     3   170   490     7
   136   109     2   430   295     8    75   134     8
    91   457     6    37   338     7   469    16     5
   117   277    10    15    14     1   108   214     7
   184   276     5   126   456     5   251   453     8
   263   390     9     6   200     5   273    76     9
   197    33     3   265   495     2    92   205     5
   222   159     1   347    94     6   440   386    10
   387   228     9   176   213     3   333   494     3
   384   274     6    90   439     2   149   251     6
   460   179     1    39   454     7   152   204     6
   170   421     1   185    32     8   399   182    10
   347    70    10   225   422     9   262   302     4
   428   370     7   272    64     3   105   164     1
    75   385     2    40    87     4    95   296     1
   482    43     2   143   360     3   164    73     7
   431    21     6   213    96     8    67   375     2
   269   333     2   210   312    10   361   269     9
    19   238     4    85   234     7   273    10     3
   349   454     4    91   243     7   203   269     1
    91   291     4    31    69     3     6    97     1
   388     4     7    43   486     1   274    74     8
   451   487     1   161   329     8   487   291     1
   198   417    10   150   429     4    39   148     3
    85   296     9   351   185     2   410   462     2
   315   347     3     3   400     4   331   340     2
   447    76     8   304   452     7   352    19     7
   494   110     2   407   452     7    37   195     8
   191   299     1   137    15     3    25   275     2
   485   475     8   239   185     2     1    31     3
   365   201     9   444   348     2   391    66     1
   306   210     1    59   440    10    23    49     1
   372    49     5   493   119     1    19   436     7
   419    48     9   252     4     1    36   489     2
   225   388     3    33   224    10   248   272     2
   140   484     2   230   321     1   415   356    10
   256    59     3   211   320    10   318     4     2
    40   313     5    92   234     3    13   141     6
   340   466     7   247    77     5   469   462    10
   208   483     2    54   420     6   238   117     1
   179   498     1    22   479     9   282   133     3
   215   297     7   243   158     6   264     1     1
   481   247     9   389   482     4   437   181     3
   134   394     2   257   455     2   283     3     2
   456    65     9   170   405     5   228   129     8
   159   350    10   142   240     9   163   208     6
   438   462     2    41   186     8   203   483     5
   210    92     6   235   103     7    34   119     8
   335   485     2   487   495     1   119   378     4
   241    77     8    51   358     2   322   353     8
   300   449     2   454   294     6   303   323     5
   227   447     5   245   145     9   500   375     3
   173   291     4     1   394    10   496   491     8
   351   422    10    16   462     3   141   144     5
   483   345     3   466   255     2   482   477    10
   335    53     2     6    21     4   186   164     5
    34   123     5   273   470    10   420   204     2
   492   188    10   169   232     3   221   293     3
   372   413     9   316   417     3   315   251     5
   170   208     3    77   285     6   222   170     2
   127   120     9   381   351     4   177   192    10
   407   133     8   410   171     7   137    41     1
   269   238     2   287   445     8   352   293     1
   236    28    10   164   437     7   379    61     7
   302   148     9   347   350     5   296   199     3
   144   428     4   211    10     9   253    56     8
    66   456     4   303   374    10   232   235     9
   371   154     6   250   420    10   364   254     2
   478   351     9   172    68     5   434   231     5
   472   437     9   453    61     8    95   265     3
    98   281     7   399   126     1   152   249     8
   441   130     9   237   161     8   175   118     8
   148   481     9    81   123     6    67    72     3
   323    22    10   337   304     4   483   299     8
   424   365     1   318    84     2   212   201     6
   382   215    10   125   381     4   223   253     7
   448   327     2   161   156     3   180   161     9
   260   169     9   201   407     5     5   407     1
   312   441     1   475   306     5   253   356     8
   178    89     9   497   129     7   334   136     5
   321   440     9   335   355     3   334   222     5
   477   352     8   249   185     5   281   271     5
   188   101     4   493    72     2   487   136     9
   332   352     5   285   494     3   141   279     2
    34   298     9   296   332     5   437   434     8
   393    45     5   287   348     9   311   314     5
   364   440     1   288   202     2   220   319     3
   379   241     7   101   422    10   189     4     5
   333   336     2   129   270    10   142   147     3
    64   380     2   127   385     5   488   167     3
   266   348     4   495   200     9   240   377     4
   306   109     2   258   397     2     7   342     4
   462    19     1   268   380     1   368   159     3
     7   318     3   256   264     5   250   382     9
   144   114     1   208   203    10   450   311     3
    32   311     3   392   101     4   150   130     5
    48   330     5   248   421     9   182   375     6
   247   264     6   117   171     1   116   240     2
   494    44     7    80    34     2   111    18    10
   193    71     9   167   368     9   413    59     1
   181   204     8   400   243     3   300   148    10
   198   131     2   448   404     4   275   220     7
   297    18    10   446   349     4   273   132     8
   277   245     3    87   219     5   482   278     3
   490   171     1   433   112     1    63   264     6
   160   367     6   368   126    10   323   241     7
   408   149     8   299   384     2   445   133     5
    40   464     7    98    41     7   400   449     1
   384   143     2   475     8     8   390   492     6
   192    60     8   135    43     5   271   276     2
    20   176     8   461   246     3   479   262    10
    21   474     8   318   261     2    39   359     6
    43   481     1    94   352    10   119   101     2
   474   253     3    41    27     7   140   422     8
   193   456     5    16   212     4   199    30     3
    73    59     3   293   469     1   449     1     4
   267   218     9   500   117     3   417    85     5
    55   492     3   181   444    10    57   194     7
     1   333     6    65    52     3    71     5     7
   260   249     6   147   104     6   326   497     7
   399    91    10   357   165     1   121   476     7
   398    61     8   451   418     2   482   263     8
   123   252     6    40   314     5   256   101     1
    27   148     5    48   174     1   322   457     1
    72    78     3   140   353     3   237   120     8
   335   351    10   172    17     4   184   405     9
   408   288     7   159   166     1    88   476     5
   384   249     3   181    43     5   231   233     8
   164   493     2   106   311     8   100   347     5
   424   478     4   253    69     6   415   435     5
   192   122     6   324   125     8   370    19     5
   375    98     7    48   340     1   418   432     3
   119    73     1   347   464     3   108   273     1
   136   290     5   378   156     8   419   300     7
   430   412     9   406   235     7   206    72     9
   286   340     6   451   184     8   382   257     6
   376    78     7    64    10     2   429   382     5
     2   149     6   253    59     8   111   208     9
   494   339     3   206   199     3    16    33     8
   216   146     8   134    83     7   369   246     4
    29   274     1
