            1
         1000        5000           5 30
     740     747      34     359     999
      26      74      97      45      32
   874   839     8   839    50     6   874   259     9
   324   839     7   285   259     3   324   297     9
   968   285     9   839   226     2   297   524     1
   601    50     8   380   285     3   226   484    10
   380   218     3   297   424     3   285   716     3
   729   259     6   968   552    10   552   904     5
   254   904     2   858   380     2   484   817     9
   167   424     2   817   203     8   729   153     6
   153   479    10   538   524     8   175   218     6
   269   259     7   607   552     4   716   774     9
   424   597     6   651   226     6   175   869     7
   317   254     6   479   919     5   968    20     6
   409   607     6    94   552     8   479   631     6
   424   941     7   108    94     4   998   317     1
   226   190     7   218   917     8   409    78     6
   716   450     4   203   798     7   484   217    10
   524   752     5   380   621     6   153   685     3
   710   203     8   774   605     8   902   285     3
   804   798     3   477   285     5   605   900    10
   424   519     7   552   122    10   254   677     8
   167   510     3   589   226     7   190   638     9
   484   139     3   219   269     1   269   695     1
   900   626     3   677   543    10   217   747     7
   631   791     4   858    34     2   597   585     6
   686   774     8   626   379     5   122   582     1
    34   929     1   597   184     2   222   729     2
    94   393     4   575   839     7   935   519     3
   273   254     5   479   489     9   429   747    10
   835   380     4   332   510     9   582   892     3
    38   324     1   810   941     5   608   139     3
   716   780     5   626   127    10   985   379     2
   108   382    10   332   978     4   175   895     3
   519   786     2   801   380     2   358   380     4
   783   935     9   358   508     3    20   974     1
   190   492     6   332   990     5    42   393     5
   409   542     1   568   358     3   239   638     7
   907   217     2   654   259     9   608   364     3
   226   615     8   780   385    10   774   334     8
   742   651     9   153   533     1   548   385     9
   555   747     3    81   538     6   198   607     1
   580   379     8   716   579     5   524   595     1
   489    82     7   510   588     7   654   541     6
   685   570     2   941   201    10   424   472     6
   748   978     3   617   570     9   424   593     8
   978    49     4   598    94     9    78   119     9
   845   332    10   269   460     8    44   608     5
   904   434     2   606   538     6    12   998     8
   274   358     6   552   888     3   555   790     8
   263   269    10   585    71     9   525   845     1
   484   462     2   354   929     2   232   786     7
   716   699     5    12   366     1   597   415     3
   790   696     6   585   994     6   915   606     7
   358   445     5   449   273     8   796   508     4
   400   285     7   236   543     4   985   488     3
   900    99     4   385    98     3   274   288     9
   167   718     7   869   870     7    54   747     9
   589    66     7   153   501    10   909   801     2
   382   469     6   194   796     3   121   285     2
   769   424     4   271   607     4    33    71     5
    78   828     2   800   510     3   273   886    10
   181   190     5   558   332     6   272   364     3
   434   518     6     6   748     3   723   605     6
   359   935     4   651   950     7   998   846     7
   875   638     2   800     7     7   954   415     9
   568   101    10   143   601     5   449   230     6
   612   696     3   131   950     6   345   477    10
   372   998     4   774   179     2    50   305     2
   892   676     8   477   521     2   903   570     5
   410   597     9   716   264     9   357   582     8
   244   354     3   830   950     2   693   909    10
   749   638    10   354   287     5    61   575     2
    78   329     9   374   875     1   345   106    10
   317   938     8    54   719     9   710    22     5
   451   677     4   230    64     4   938   306     2
   888   500    10   994   596    10   843   626     3
   198    28     8   201   118     6    54   493     1
   347   718     8   981   919     8   424   708     3
   529   843     7   716   308     5   179   709     9
   810   864     3   600   839     3   478    98     4
   546   605     4   541   658     9   310   121     6
   321   108     2   226   275     4   686   547     5
   699   952    10   796    25     7   568   856    10
   736   974     2   145   864     3   653   654     8
   952   531     1    48   790    10   529    16     7
   706   385     4   801   945     3   687   297     2
   472   711     2   596   802     3   704   449    10
   272   788     2   297   682     5   343   477     9
   602   706     6   524   572     4    17   909     3
   799    98     6    17   323     7   606   569     4
    66   266     7   358   240     5   570   237     9
   467   875    10   121   172     1   766   275     3
   269   294     2   233   569     6   475   555     2
   630    78     2   293   219     8   704   566     5
    79   263    10   217   599     6   488   553     2
   178   306     5   911   968     8   667   631     7
   579   910    10   679   858     6   719    32    10
   946   843     5   237   862     5   654   770    10
   838   118    10    66   668     5   709   176     1
   752   871     2   672    54     6   630   220     7
   742   247     4   832    50     2   194   578     9
    47   888    10   273   997     3   709   378     2
   579   168     2   140   538     9   359   987     5
    62   572    10   555   865     5   444   706     1
   709   762     7   524   399     6   695   528     3
   323   713     9   783   576     5   196   638     4
   192   626     3   709   262     6   603   685     4
   633   121     6   175    96     6   439   941     4
   597   256    10   945   735     8   363    50    10
    95   631     5   803   607     9   742   276     9
   132   467     4   507   810     2   736   189     7
   519   149     8   173   769     7   377   305     3
   645    17     9   699    58     7   740   695    10
   592   492     6   712   321     1   946   649     8
   715   493     5   839   414     9   317   494     2
   239   573     2   876   935     9   630    65     4
   170   601     3   512    33     4   625   835     2
   858   313     1   577   168     9   733   196     3
   593   234     5   354   346     3   597   703     4
   662   910     1   687   355     6    64   229     7
   839   356     5   396   593     4   707   196     2
   545   900     9   934   439     7   570   882     1
   994   982     3   430   677     7   184   159     1
   599   863     6   619   870     3   993   555     6
   179    18     2    90   952     8   429   534     8
   722   708     2   134   220     6   381   568     7
    70   108     2     4   521     8   552   847    10
   384   400     5   414   160     2   242   707     8
   393    60     7   407   219     7   858   918     3
   247   975     7    20   684     5     5    50    10
   811   382     9   298   324    10    64   809     4
   261   119     5   577    21     4   271   688     1
   309   553    10    59   796     4   290   712     2
   493   202     9    95   724     2   909   186     3
   939   719     5   980   865    10    48    67     4
   673    61     9   509   508     2   181   827     8
   682   440     7   273   816     8   332   142    10
   646   696     4   902   583     4   535   589     4
   136   608     9   854   293     3   443   219    10
   980   412     5   733    26     8   576   853     2
   252   809     1   668     3     3   151   783     4
   332   834     9   498   892     1   182   886     2
   806     5     5   741   871     9   409   162     8
   339   276     7   551   492    10   453   796     7
   159    37     7   969   654     8   509   571     5
   452   380     8   500   675     6   491    49     9
   188   834     2    12   213     7   816   787     8
   434   899     3    38   815     4   455   749     5
   801   515     5   782   475     9   364   773     9
   907   161    10    64   433     1   935   992     9
   388   294     1   295   276     3   242   337    10
   254   255     7   237   920     1   864   680     6
   431   621     9   439   591     7   586   782     8
   598   144     6   931   269     6   498   350     5
   790   949     5   237   360    10   504   864     6
   291   598    10   915   193     3   809   177     6
   443   303     3   296   467     2   749   110     5
   202   604    10   122   640     9    34   540     4
   458   528     9   244   964     6    13    47     3
   553   908     7   367    64    10   772   542     9
   971   676     5   620   345    10   987    23    10
   986   161     3   905   748     7   707   514     7
   728   696     2   148   592     3   970   900     2
   822   399     3   699   831     4   945   983     1
   382   881     5   873   982     3   294   402     1
   138   970     5   565     6     4   562   534     4
   335    65     8   800    86     9   859   908    10
    66   141     7   228   220     7   765   551     3
    97   529     6   697   160     7   801    77     4
   862   361     6   125   640     8   731    67     7
   936   835     4    59   794     1   785   939     5
   180   723     3   273   442    10   213   636     3
    99   655     1   565   392     1   502   708     6
     3   942     6   675    24     1   448   713     3
   929   855     1   269   245     5   638   837    10
   417   479     7     6   147     9   457   748     8
   179   627     2   410   702     3   426   747     4
   355   344     4   309   948     8   517   575     6
   677   446     7    53   765     2   180   126     6
   670   600     1   263   383    10   669   167    10
   508   999     8     9   177    10   194   556    10
   442    41     2   205   358     8   612   857     8
   665   457     4   656   804     1   526   298     1
   165    98     9   714   800     1   650    99     9
   223   140     8   594   752     1   727   168     5
   920   416     9   116     7     6    74   591     3
   165   353     5   478   113     8   898   477     9
   220    83     1   456    82     8   913   845     2
   129   736     6   753   553     9   865   746    10
   752   284     2   447   303     5    63   589     7
   196   318     4   922   602     5   738   488     4
   582   283     7   626   482     3    29   728     9
   867   589     1  1000   332     6   347   316    10
   721   525     6   308   836    10   204   353     7
    20    31     7   702   647     6   473   168     5
   528   300     1   447   117     5   583   734     9
   879   556     5   948   289     1    61   661     5
   424    68     3   350   819     2   998   100     1
   197   909     9   412   812     2   157   782     2
   877   355     8   309   567     3   310   277     5
   618   147     9   675   681     5   748   327     1
   720   615     2   685   951     4   760   816     9
    55   981     3   816   851     7   229   581     3
    82   624     8   351   303     8   611   194    10
   920   943     5   410   490     6   603   315    10
   526    15     2   170   260     2   737   791     1
   869   523     5   898   848    10   204   705     4
   681   483     5   888   924     6   464   715     2
   331   661     1   411   409     3   717   650    10
   938   280    10   107   578     5   768   453     2
   870   199     6   597   666     3   422   298     5
   686    57     1   709   789     8   820    41     4
   748   614     5   480   827     5   260   829     4
   142   246     7   336   498     9   791   268     8
   882   759     1   201   166     6   209   803     8
   571   257     5   522   347     3   125   921     4
   114   711     3   433    88     9   965    68    10
   565   771     2   554   457    10   413   576     4
   158   577    10   129   495     6   479   124     3
   775    62    10   282   455     1   969   365     5
   915    39     5   301   114     9   509   403     4
   579   991     7   840   158     6   893   711     2
    61   340     3   553   958     3   416   629     5
   584   942     4   320   315     9   386    65     2
   827   102     7   839   373     4   957   828     8
    29   137     5   823    28     7   754   862     6
   926   915     5   894   380     4   852   567     9
    39   973     5    93   974     3    10   434     5
   960   834     8    80   410     7   398   920     8
   279   452     4   410   278     7   953   647     8
   833   197     8   850   272     3   349   846     8
   352   245     8   422   248     2   766    87     8
   932   873    10   610   772     5   903   463     3
   636   405     9   410   225     5   154   100    10
   850    76     2    76   174     4   419   850     8
   588   587     6   375   681     4   208   946     9
   838   171     5   297   516     3   736   466     7
    58   348     9   370   796     4   740   889     3
   737   959     5   470   585     1    40   619     3
   940    28     8   683   711     2   143   622     6
   333   290     6   155   857     6   133    15     5
   292   837     9   396   896     3   427    95     2
    14   277     3   744   867     5   933   252     5
    73   108     9   386   979    10   550   782     6
   644   656     2   928   935     3   861   500     7
   806   792     5   930    12     1   500   776     1
   440   868     5   866   709     9   844   114     6
   981   885     2   923   837     1   115   621     8
   271   890     5   824   501     1   906   296     5
   961   171     3   468   665    10   903   821     9
   804   750     6   961   459     9    51   831     2
   140    52     7   927   237     2   826   443    10
    91   388     7   238   775     5   852   428     3
   256   700     3   402   487     7   758   759     2
   587   751     3    53   635     3   105   809     8
   527   518    10   419    56     7    38   376     9
   281   682     3   146   975     2   416   221     5
   121   641     2   345   330     7   898   739     4
   640     8     5   460   368     3   258   411     9
   791   169     1   924   120     7   359   564     4
   914   442     4   996   704     7   109   665     7
   965    27    10   232   977     2   841   193     2
   231   900     3    89   352     5   267   658     7
   983   530     1    12   761     9   253   157     5
   152   661     6   226   111     5    75   276     3
   532   948     9   880   523     8   565   307     8
   118   632     1   989    56     5   102   328     3
   210   591     2   869   250     3   444   642     2
   881   235     6   524   764     4   842   926     1
   974   387     3   395   968     2    45   753     9
   652   954     9   520   719     7   963   620     8
   878   837     3   779   716     3    33   423     4
   239   962     8   702   988     3   320   325     8
   907   634     8   797   306     2   949   441     9
   989   814     7   112   713     4   546   872     1
   302    64     2   205    84     6   194   813     2
   536   713     2    49   616     4   827   506     8
   295   224     6   725   871     9   441   944     5
   215    57    10   135   736     6   299   828     9
   505   381     5   657   281     2   311   919     6
   249   552     1   593    19     5   160   200     6
   729   454     7   930   560     2   808   415     4
   517   408     9   910   183     2   972   676     6
    21   671     2   342    38     6   314   670     6
   497   261    10   544   208     3   371   839     1
   694   248     7   701   107     4   130   454     7
   525   643     3   113   418     5   122   362     4
   947   493     2   976   161    10   103   487     8
    36   822    10   274   474     1   866   471     5
   691   834     9   678   552     9   470   432    10
   164   281     8   549   164    10   189   660     6
   243   149     4   421    37     4   745   856     3
   328   435     6   825   738     6   297     2     9
   683   883     8   399   214     7   237    72     6
   958   966     1   607   319     9   131   227     6
   111   391     7   623   124     7   657   763     7
   433   887     8   832   437     9   213   698     1
   767   717     5   995   899     8   778    63     5
   766   807     2    46   209     3   964   663     7
   975   191    10   593   476     5   847   241     8
   406   650     5   762   185     2   211   766     8
   496   434     2   404   409    10   815   322     9
   883   916     8   574   632     6   286   541     4
   461   728     1   849   946     5   683   156     9
   987   757     3    13   637     8   973   104    10
   465   255     5   937   488     3    78   265     7
   511   786     8   292   401     3   150   252     7
   304   604     4   123   715     3   425  1000     6
   440   639     2     6   818     6     1   615     8
   841   206     8   907   648     8    39   369    10
   500   743    10   443   690     3   784    61     8
   617   559     3   471   216    10   345   557     6
   907   503     8   574   659     9   689    66     2
   486   791     2   469   793     7   322   956     4
   170   481     9    43   277     6   270   368     7
   726   213     3   810   609     8   730   993     7
   613   286     5   168   925     2   897   725     1
   902   891     7   401   436     1   128   964     2
    45   955     5   338   553     9   416   755     1
    92   858     7   989   795     2   336   326     8
   504   912     2    32   628    10   765   394     8
   610   537     6   499    27    10   805   364     9
   884    43     9   668   563     6   485   652    10
   539   788     3   207   805     2   389    17     5
    35   330     8   674   852    10   777   259     8
   397   869     7   382   664     9    30   385     2
   390   462     8   967   871     4    85   382     9
   860   332     4   187   310     5   880   901     9
   513   975     9   279   163     3   984   832     5
   374    11     9    69   310     7   623   756     8
   936   561     8   399   438     2   251   346    10
   301   732     8   312   732     6   125   781     5
   815   420     9   692   349     1    76   341     5
   212   420     6   590   899     9   683   195     6
    34   655     7   583   423     9   120   261     4
   102   964     2   483   231     1   611   624     1
    33   378    10    95   677     1    67   747     6
   487   581     2   685   133     5   725   372     5
   954   764     5   914    43     2   396    38     7
   237    82     2   119   621     4   266   519     4
   899   396     9   906   242    10   651   424     8
   885    84     6   216   583     5   672    85     5
     7   805     3   112   799     4   521   817     5
   434   956     1   352   513     4   222   275     6
   571   773     3   121   475     6   376   572     1
   207   184     3   462   376     7   934   167     6
   247   155     2    70   157     4   906   264     4
   382   223     7    44    83     3    23   248     1
   932   111     8   277   245     7   203   484     4
   865    96    10   154   997     7   111   976     1
   669   861     5   646   909     6   665   428     5
   337   142     5   800   746     8   285   655     3
   504   629     1    18   434     5   250    64     1
   426   361     7   928   297     7   747   568    10
   308   154     9   984   526     7   661   803     5
   411   204     5   380   442     2   457   433     2
   552   416     6   559   567     3   775   505     9
   320   124     4     5   997    10    59    18     9
   646   767     9   144   108    10   870   622     5
   487   966     7   412   319    10   330   229    10
   817   213     4   979   611     3   218   119     9
   590   746     2   267   729     2   913   591     1
   676   669    10    31   406     3   553   965     1
    27    84     3   428   635     4   552   490     3
   912   429     6   905   795     6   780   879     1
   400   469     6   152   826     4    65   262     6
   989   142     2   409   407     5   317    27     7
   187   526     9   771   924     8   456   861     4
   425   202     7   987   297     8   548   553     2
   878   110     3   502   513    10   358    39     1
   907   623     4   407   593     4   842    70     4
    63   724     8   364   993     7   139   916     5
   844   821     6   604   301     9   739   607     6
   127   245     3   327    87     2   769   184     1
   173   338     2   592    48    10    85   154     3
   720   259     4   146   601     9    42   563     5
   192   771     2   749   192     6   666   156     5
   623   928     8   537   813     1   476   357     2
   468   634     6    20   274     7   908   391     2
   485   626     5   537    21     2   581   345     1
   137   263     1   193    27     8     7   643     1
   972    51     6   147   746    10   974     5     4
   657   741    10   582    56     4   833   971     3
   857   362     1   296   258     2   591   876     8
   370   198     9   924   177     7   693   250     1
   800   332     7   679   113     9   152   773     7
   903   622     8    38   610    10   220   111     9
   904   683     1   389   752     4   597    48     3
    30   276     1   550   152    10   950   730     5
   369   164     1    62   283     8   402   860     9
   695   146     8   131    79     7   419   100     2
   879   913     1    97    26     8    98   444    10
   238    18     1   872   640     9    95   862     6
     8    85     1   977   105     5   776   268     1
   448   929     5   543   125     3   968   131     5
   641    71     9   711   937     6   118   239     5
   640   980     7     7   152     1   626   422     2
   468   280     1   281   520     7   932   691     5
   153   487    10   923   973     5   966   198     2
   840   502     5   234    54     4   996    64     1
   958   823     6   266   235     5   593   696     5
   316   540     6     1    59    10   493   860     8
   963   394     9   924   873     4   221   268     8
   188   513    10   142    20     3   565     5     2
   463   164    10   129   826     4   810   451     5
   257   792     4   700   969     3   480   858     4
   416   517     9   923   194     1   371   751     5
   965   407     5   184   524     5   205   646     1
   237   738     7   969   200    10   989    33     7
   137   237     8   337   481     2   755   102     8
   124   644     8   800   599     9   132   908     6
   514   606     7   500   453     9   431   489     3
   850  1000     8   249   346     6   400     2     8
   979   992    10   708   701     9   942    32    10
   248   282     3   416   965     7   205   931     6
   184   963    10   994   669     2   159    11     1
   373   372     4   423    67     3   433   546    10
   972   839     5   109   983     4   933   337     5
   231   441     6   222   743     9   869   632     9
   231   629     6   498   340     5   286   154     6
   555   443     4   178   253     3   820   762     8
   313   353     4   968   813     3   794   820     4
   612   273     1    77   538     5   198   573     9
   762   704     6    77   472     1   962   327     9
   616   757     2   624   604     3   899   694     7
   401   591     4   268   287     9   368   421     1
   855   506     2   778   132    10   359   606     8
   972   463     5   810   741     4   552   500     9
   949   994     3   727   508     2   956   701     9
   343   135     5   867   462     5   944   874     9
   905   121     8   189   530     3   196   561     7
   798   251     1   303   497     8   882   259     9
   473   322     8   349   235     8   296   962     9
   161   245     6   133   143     3   646    44    10
   674   607     4   965   598     8   848   730     1
   664   754     7   168   183     5   402   583     8
   429   947     3   761   337     5   506   610     9
   654   115     4   312   276     4   321   879     4
    15   520     4   836   401     9   500     9     9
    84   624     9    98   950     7   446   505     8
   714   355     2   846   993     3   624   667     3
   402   642     9   886   669     8   259   667     5
   483   954     8   799   498     4   447   561     6
   478   376     3   344   986     2   102   973     3
   834   663     8   436   570    10   284   282     6
   164    68     6   663   473     9   867   798     8
    89   410     6   696   885     7   628   413     8
   879    98     6   403   195     5   637   287     8
   482   605     3   843   950     4     7   434     7
   672   193     3   539   997     3   294   237     2
   759   131     3   769   454    10   334   268     6
   696   337    10   400   889     5   753   322     7
   218   149     6   793   107     1   684   385    10
    38    39     6   759    79     8   318   247     1
   636   238     6   527   438     5   764   846     3
   228    74     5   405   952     9   621   206     1
   399    63     7   300   783     3   385   299     3
   447    96     7   494   495     9   841   363     8
   534   493     6   556   233     4     8   232     5
   194   988     1   684   159     1   140   221     1
   988   385     2   805   334     8   853   825     2
    82   362     5   783   800     5   243   600     3
   944   395     3   154   439     4   895   807     4
   550   439     7   593    35    10   892   698     4
   545   264     8   554   489     3   174   437     5
   963   555     3   979   342     1   865   223     1
   126   527     6   319   734     6   735   251    10
   646   482     7   816   298     8   598   768     2
   889   266     5    79   928     7   195    82     7
   799   898     1   767   285     2   950    16     8
   779   983     6   384   119     8   270    86     5
   541   551     2    39   352     8   922   491     3
   958   524    10    42   947     8   636   521     2
    77   717     6    85   961     1   188   704    10
   237   202     2   947   506     3    82    54     7
   280   844     8   386   912     5    31   424     4
   398    60     3   146   117     3   585   937     1
   897     2     4   533   436     9  1000   234     3
   833   169     5   110   984     3   361   887    10
   113   387     7     2   666     6   129   104     3
   142    10     7   519   498     6   293   207     6
   651   994     7   797   182    10   714   330     1
   242   951     7   796   122     8   902   836     2
   964   525     8   246   503     6    80   627     5
   512   201     1    54   296     5    96   348     1
   643   914     1   143   156     3   279   705     3
   473   239     8   670   701    10   343    33     4
   368   809     9   816   575     7   317   332     1
   175   951     5   767   498     3   362    86     5
   462   466     8   963    44     4   985   146     3
   621   783     2   693   429     9   955   382     6
   138   555     7   253   829     9   483   383     3
   595   647     3   733   740     1   482   750     2
   691    95     7    30   836     9   263   237     2
    54   694    10   207   215     6    28   271     6
   470   755     4   736   837     6   602   860     9
   854   812     5   698   412     2   838   572     7
   568   901     4   718   763     6   597   752     2
   656   127     1   199   857     8   463     3     3
   546   505     2   721   221     5   859   988     7
   259   411     4   216    31     1   748   432     3
   703   267     2   615   738     5   315    57     6
    39   113     9   510   764     6   127   329     6
    18    84     9   330   688     1   138    37     6
   662   308     3   187   403     2   711   751     9
   990   833     5   381   191     7    39   504    10
   861   791     4   715   278     6   733   732     7
   467   611     2   613    76     2   987   468    10
   848   114     9    85   791     5   525   976     8
   558   445    10   274   180     8   967   426     8
   925    30     6   523   916     9   345   939     3
   964   659     7   736   651     5   433   286     8
   539   506     2   707   733     4   603   369     7
   825   695     5   632   253     8   529   781     5
   498   898     5   115   478     7   313   264     5
   537   933     6   491   518     6   526     6     1
   997   212     5   155   356     4     3   892     8
   567     3     1   983   102     7   152   615     8
    66   543     5   178   493     2   820   529     1
   395   423     8   334    54     8   358   510     6
   996   548     3   475    52     1   389   241     4
    59   904     1   894   967     2   382   577     9
   851    48     7   553   278     7   829   994     1
   465   296     2   577   927     8   929   606     2
   982   261     7   980   509     5   579   535     1
   769   857     6   758    78     5   182    22    10
   938   626     4   636   442     6   775   596     7
   718   788     7   858   139     5   171    59     9
    60   668    10   279   792     8   910   229     2
   370    69     7   352   583     2   225   324    10
   543   154    10   908   709     8   716   311     2
    76     3     4    13   551    10   903   719     7
   205   172     1   187   168     5   181   285     1
   786   391     5   222   273     3    23   585     9
   272   320     8   263   224     9    54   976     6
   779   607    10   919    61     4   968   420     7
   854   195     2   533   357     7   898   780     5
    95   181     9   902   220     9    46   975     9
   261   559     6    50   345     5   504   905     4
    97   959     1   496   885     8   336   292     3
   169   859    10   936   138     5   359   688     6
    78   543     2   180    65     4    32   430     3
   663    17     9   847   214     1   275   339     3
   423   319    10   178   515    10   895   762     2
   301   124     6   348   720     2   568   668    10
   312   640     7   615    86     8   645   756     7
   640   986     1   686     9     5   137   412    10
   957   835     8   945   758     1   953   882     9
   676    17     9   995   596     5   796   872     8
   633   708     1    32   255     1   807   800    10
   897   992     4   537   893     6   899   155    10
   788   535     2    74   903     6   341   834     5
   520   620     5   506   258     7    41   159    10
   638   436     3   888   956     6   432   861     9
   841   772     5     1   532     5   977    75    10
   634   275     1   695   268     3   290    17     3
   723   975     5   952   915     7   790    56     2
   210   741     7   176   744    10   158   809     6
   193   116     4   920   259     2   359   237     5
   282   399     2    54   105     1   983   406     6
   902   451     2   230   295    10   885   200     6
   848   523     3   482    16     7   872   533    10
   537   550     3   651   103     4   743   403     4
   164   923     7   949   763    10   658   875     4
   713   653     9    29   763     3   547   314     5
   221   256    10   231   510     6   458   463     3
   901   378     9   400   938     2   651   660     4
   763   528     3   645   898     3   179   576     4
   698   869    10   498   835     4   509   589     3
   837   651     3    27   542     5     7   538     2
   527   166     7   860   961     4   537   917     6
   941   161     1   796   971     1   858   666     7
    97   597     5   747    87     4   780  1000     1
   143   833    10   985   437     2   733   639    10
   933   382     7   689   862     5   423   447     8
   879   106    10   508   921     2   644   707     3
   121   852     4   380   344    10    19   219     6
   679   398     6   314    76     1   565   992     6
   147   119     9   450   777     2   474   142     8
   286   947     4   104   195    10   224   730     1
   452   923     9   386   671     5   149   363     9
   100   408     7   423   241     9   848   322    10
   289   426     1   748   202     6   603   855     2
   786   940     1   770   825     5   662   626     4
   536   907     6   503   173     3   334   548    10
   740    96     8   828   834     3    73   811     4
   885   142     5   628    60     4    64   839     8
    10    41     4   915   165     8   414   433     6
   222   672     1   718   396     3   486   852     7
   790   264     6   977   201     4     6   439     3
   521    53     9   905   359     9   988   453     3
   679   825     6   463   881     8   334   930     7
   259   735     7   229   377     5   991   389    10
   752   609     8   497    62     2   217   746     1
   313   818     3   121   246    10   625   288     3
   792   140     9   715   685     8   970   321     9
    23   701     4   371   535     6   198   428     5
   884   373     9   785   509    10    42   830     2
   635   137     4    35   944     4    69   600     6
   122   812     8   952   399     9    62   801     2
    19   505     2   973    18     9   384   713     6
   921   480     9   663   324     1   879   451     3
   280    24     9   835   392     1   403   217     1
   212    38     7   582   190     8   980   385     7
   520   871     5   542    93     5   792   690     6
   573   974     1   915   358     9   995   685     8
   907   675     2   922   553     1   745   909    10
   822   392     7   683   153     1   126    65     4
  1000   560     2   586   619     3   317   201     9
   530    91     8    89   453     2   395   105     6
   862   263     4   446   843     3   321   137     4
   702   329     3   207   272     8   632   186    10
   862   275     8   609   980     6    23   839     3
   932   495    10   598   744    10   642   501     4
   660    82     7   431   972     5   951   419     9
   939   379     9   356   655     2    37   210     8
   432   412     2   402   737     4   943   203     6
   637     2    10   760   554     6   484   208     1
   309   780    10   431   776     8   219   298     9
   558   641    10   113   919     9   704   322    10
   411   996     2   657   813     4   737   314     3
   375   567     9   974   191     9   441   699     9
   844   401     8   757    45     6   865   463    10
    89   169     4   251   752     6    16   406    10
   530   430     8   869   266     4   892   411     6
   960    99     7   994   871     8   361   261     1
    78   200     5   162   629     8    77   995     8
   329   996     9    66   396     2   234   760     7
   475   635     7   191     1     2   679   275     9
   224   681     7   192   603    10    71   347     4
   533   627     8   417   564     4   943   205     8
     6   617     6   787   357     2   819   124     3
   502   580     1   125   765     4   790    73    10
   772   993    10   953   355     9   359   538     1
   955   701    10   543    91    10   288   353     5
   301   679     6   342   581     1   578    73    10
   375   533     7   768    48     7   418   462     3
    35   636     3   991   981     2   661   259     8
   956   818     3   988   427     2    18   961     9
   280   368     1   924   884     6   765   974     7
   293   336     8    17   820     6   206   895     8
   451   999     8   598   204    10   459   309     6
   151   661     3   817   253     6   372   416     8
   663   843     2   115   728     2   664   310     1
   635   558     5   438   315     8   444   959     3
   525   291     3   894   678     1   867   743     3
   835   905     7   392    29     5   380   892     1
   336   393     4   822   585    10   901   628     2
   465   416     3   558   869     3   588   216     2
   409   544     6   617   462     1   542   395     4
   527   514     1   610   259     3   492   855     9
   218   625     5   513   986     8   427   385     4
   954   741     4   257    43     6   913   239     7
   615   599     6   809    33     2   139   195     5
   595   936     7    79   514     3   207   448     6
   154   265     1    12   377     7   640   491     6
   905   429     6    19    37     1   502   581     6
   842   873     8   496   737     5   146   646     4
   879   480     9   263   504    10   226   941     8
   306   115    10   967     6     8   262    69     4
   909   886     7   974   179     5   649   204     5
   678   274     2   795   971     8   719   807     5
   228   352     2   902   628     1    34   711     1
   759   207     8   407   114     4   720   235     3
   358    90     5   322   101     5   272   173     1
   395   829     9   803   235     5   893   485     1
    81   364     7   602   329     5   179   940     9
   895   411    10   775   501     5   387   391     7
   691   377     6   536   603    10    50    69     9
   995   337    10   892   148     7   343   791    10
   494   279     6   248   795     2   316   654     6
   861   443     4   803   139     9   711   584     8
   756   605    10    93   263     8   345   594     8
   569   357     8   751   377     4   532   687     6
   115    93    10   634   176     5   188   946     5
   895   576     5   880   982     1   879   518     9
   890   408     6   154   986     8   579   146     9
   337   229     6   553   221     7   231   892     3
   350   218     6   458   159     9   392   963     9
   726   601     9   622   473     9   876   612     9
   375   826     3   970   246     4    71   695     3
   794    63     4   110   568     4    14   759     5
   854   382     9   365   976    10   363    33     1
   297    72     4     9   945     3   971   689     7
   206   684     2   720   898     6   283     9     6
   201   690     9    26   164     5   778   153     2
   782   626     3   825   900     5   561   457     5
   882    88     7   762   674     5   664   340     8
   117   734     2   762   499     7   623   589    10
   892   831     4   619   693     1   182   136     8
   959   175     8   105   557     3   725   818     9
   378   948     6   379   616    10   950   780     2
   484   389     3   624   244     2   210    68     6
    42   201     8   584   455     2    15   683     6
   232   999     8   411   811     9   835    17     3
   560   530    10   817   377     3   231   309     2
   997    72     1   436   416     6   603   339     6
   845   735     5   179   225     8    60   352     5
   658   205     8   148   703     6   746   714     7
   589   621     7   545   758     6   615   148     4
   966   772     4   386    82     7   423   340    10
   281   813     7   476   281     4   685    17     1
   974   211     1   877   439     1   263   215     8
   621   828    10   352   251     2   276   990     7
   230    52     5   254   377     5   187   624     3
   160   991     5   968   248     6   492   566     5
    55   731     5   192   494    10   200   412     5
   675   798     7   380   324     7   246   205     2
   949   577     5   968   261     3   785   983     5
    11   310     9   191    39    10    57   727     1
   262   543     9   304   601     7    39   834     9
   484   761     6   504    92     7     1   123     9
   931   698     9   373   302     2   364   736     2
   966   889     9   467   254     6   393   599     7
   140   582     6   688   983     8    43   367     8
   388     1     1   252    47     9   519   742     1
   103   730     6   785   322     3   606   152     5
   879   609     6   387   589     8   208   121     9
   642   445     5   400   962     7   783   317     1
   836   548     2   496   732     8   603   771     2
   411   721     4   146   255     6   265   891     1
   873   745     9    45   402     8   582   682     1
   800   597     8   760   814     4   276   226     7
   137   737     6   342   380     6    54    12     1
   745   463     3   347    76     9   544   592     9
   936   149     7   723   145     4    89   932     9
   661   727     2   402    18     6   309   732     9
     4   375     9   958   390     4    43   411     9
    25   619     5   294   277     4   504   733     1
   314   950     6   804    50     9   818   902     1
   595   225     3   333   995     2   799   590     7
   444   138     4    45   666     6   654   762    10
   522   810    10   866   163     2   755   704     2
   800   792     6    93   750     1   823   846    10
   340   951     1   854   179     9   449   142     6
   809   867     7   637    54     8   114   226     3
   855   368     4   847   674     4   675   550     9
   626   660     6   774   337     7   292   379     3
   853   552     6   962    51     6   756   788     9
   457    51     6   776   737     8   404   991     4
   492     2     8   307    79     6   209   935     9
    40   881     1   300   188     5   705   977     7
   272   755     1   288   304     1   200   571     1
   560   845     4   160   188     3   916    52     8
   263   637    10   429   383     3   796   372     3
   578   467     1   351   485     5   237   717     4
   856   415     3   611   174    10   716   506     5
    51    95     7   265   361     7   898   126     6
   496   788     3   489   782     2   424   371     5
   980   596     1   241     3     5   287    80     1
    89   689     3   477   130     2   469   799     6
   561   394    10   934   760    10   831    33     6
   417   866     8   969   847     2   484   513     9
   314   599    10    18   201     8   699    97     7
   435   550     6   212   710     8   255   196     8
   197   115     3   536    28     8   764   638     7
     2    72     4   778   952     6   526   321     2
   415   642     5   977   959     2   666   308     5
   309   809     1   506   473     9   109   289     9
    73   422     1   101    59     8   985    63     6
   397   859     4   310   958     3    33   505     5
   908   754     9   930   186     2   675   607     9
   241   831     5   363   487     5   109    80     4
   277   750     7   298   528    10   466   814     6
   270   498     9   743   316     1   657   409     2
   813   540    10   811   839     2   772   741     8
   175   916     7   314   891    10   724   327     9
   140   306     8   653   202    10   880   453     9
   300   709     2   473   193     1   310   540     9
   722   607     7   856   257     7   937    16     4
   279   729     4   849   970     9    28   394     9
   948   478     1   317   609     6    28   470     5
   706   710     3   868   203     8   153   394     2
   580   449     1   578   894     3   953   702     5
   130   719     4   668   695     3   893   270     4
     9   110     4   366   467     2   530    41     6
    18   944     5   452   964     9   526   646     1
   729   374    10   252   923     6   800   147     5
   978   951     1   933   107     7   816   171     1
   899   559     1   625   696     1   894   807     7
   698    31     1   983   549     8   755   400     6
   815   404     5   840   564     8   546    18     2
   939   593     6   709   755     5   972   353     1
   103    55     4   180   769     7   905    57     1
   949   684     6   470   472     7   433   760     4
   739   463     5   903   520     8   937   374     8
   136    51    10   470     1     7   775   428     4
   502   686     5    38   255     8   543   463    10
    10   139     6   540    86     1   302   674     8
   748   293     5   506   252     8   417   943     1
   211   763     4   254   500     1   564    29     6
   556   542     2   930   581     8   846   601     8
   854   406     3   484    62     7   374   695     7
   155   365     4   602   114     2    37   481     7
   529   396     2   886   154     9   841    47     5
   890   946     4   452   832    10   792   988     5
   961    79     4   184   262     1   904   237     1
   616   596    10   643    13     3   556   359     6
   232   855     7   973   810     8    34   175    10
   303   982     4    74   514     4   864   422     1
   458   611     8   527    52     6   888   733     5
   418   318     2   746   365     3   697   214     3
   774   433    10   916    45     5   203   915     5
   365   869     1   777   113     6   897   517     3
   150   552     7   294   699     8   573   946     1
   292    74     6   821   909     4   887   143     5
   495   705     3   345   210    10    88   701    10
   539    44     5    75   547     8   343   992     4
    93   202     6    97   468     5   170   107     5
   758   148     1   526   415     1   390   337     4
   243   565     3   759   174     8    30   116     2
   318   851     4   115   600     2   600   408    10
   428   909     4   228   539     2   560   505    10
   263    80    10   324   616     6   281   277     8
   202   143     4   990   826     8   485   277     5
    73   657     3   585   522     6   660   452     3
   765   844     9   341   871     1   715   146     8
   128   845     8   519   600     9   680   854     8
   384   231     1   894   464     6   142   957     4
     7   157     5   927   528     8   211   872     2
    58   647     4   972    75     1   378   850     6
   878    60     7   888   516     4   603   282     8
   286   180     1   521    14     5   360   812     1
   667   191     9   360    52    10   590    43     4
   539   847     5   157   647     6   838   147     5
   411    21     4    62   390     7    75   271     5
   745   929     4   304    39    10    87   587     2
   518    19     6   414   655     6   598   344     9
   691   448     6   743   328     4   528   117    10
   814    37     3   379    80     3   203   999     6
    84   617     2   467   382     6   412   234     3
   943   723     9    52   389     5   112     1     9
   951   308     1   633   632     1   533   269     2
    22   320     6   671   475     1   965   373     6
   315   930    10   222   904     1    27   738     3
   175   955     5   255   347     2   664   416     5
   830   890     5   769    38     9   402    30     4
   770   544     7   882   755     5   824   488    10
   859   532     1   158   124     5   385   827     9
   732   141     2   561    52     4   330   635     2
   381   294     9   350   898     2   239   822     9
   944   185     5    63   236     6    87   973     8
   495   338    10   730   922     8   212   805     7
   393   533     7    56   113     2   387   566     8
   827   977     1    79   551     7   654    72     1
   214   427     2   185   896     8   272    17     1
   676   453     8   585   149     2   786    15     6
   977    52     5   613   173     1   743   478     7
   941   773     2   137   774     6   612   269     2
    69    60     4   992   125     9   749   422    10
    60   910     6   685   753     3   523    34     9
   648   140     9   525   319    10   994   772     7
   298   494     5   585   641     7   507   209     8
   768   361     4   459   417     6   476   613     8
   963   222     8   359   421     9   720   950     1
   367    66     2   500   535     6   413   850     2
   382   798     5   722   855     7   252   110     3
   352   194     7   169   555     5   791   404     1
   938   703     2   413    31     5   669   999     7
   717   178    10   379   272     9    82   244     4
   934   895     6    56    67     5    50   182    10
   429   636     4   174   931     9   700   581     6
   156   635     7   769   257     8   981   654     3
   847     8    10   644   168     2   869    93     6
   881   124     9   526   781     4   619   504     3
   869   628     8   908   914     4   812   638     3
   423   132     9   477    71     6   105   875     2
   791   211     4   362   180     6   699   125     5
   289   105     7   820   974    10   505   543     6
   291   945     9   885    50    10   695   663     5
   375   908     5   757    15     8   216   662     3
   967   942     5   698   148    10   660   982     5
   289    11     7   461   979     9   975    88     4
   280   781     2   958   154     1   665   566     6
   659   409     3   572   775     1   572   163     9
   272   149     8   525   727     5   458   911    10
   988    58    10    78   771     6   769   639     3
   836   360     7   489   312     3   470   192     9
   927   849     1   328   659     5     5   276     1
   758   612     5   342   865     8   475   420     2
   521   342     3   143   356     9   202   887     3
   495   246     9   127   185     3   559   976     1
   770   622     9   217   155     9   384   588    10
   259   459     6    29    61     9   671   679     2
    97   165     7   708   138     7   221   610     1
    60   596     3   915   904     7   132   608     1
   702   310     6   414   151     2   117   482     4
   390    34     2   752   582     3   621   576     6
   245   546     5   292    64     8   737   565     7
   533   954     4   836   860     1   292   714    10
   973   830     6   376    24     2   201   822    10
   714   679     8   242   963     8   269   903     3
    72   172    10   227   144     2   862   276     7
   834   916     8   912   862     5   898   125     2
   155   101     8   682   422     6   976   472     4
   329   401     2   892   461     9   358   954    10
   865   946     1   397    27     6   589   447     4
   597   822     1   662   888     6   714   313     6
    33   535    10   767   974     5   246   221     2
   281   792     8   754    16     7   794   717    10
   242   325     2   230   276     5    32   891     7
    62   723    10   425   872     2   670   569    10
   708    60     9   386   553     5    33    46     4
   555   384     6   823   233     7   688    19     3
   172   837     9   190   577     9   697   328     4
   510   207     4   740   714     8   700   368     3
   795   987     2   405   121     5   881   993     2
   327   470     6   867   986     8   632     7     8
   774   946     6   591   739     4   367   679     2
   748   873     4   597   623     1   353   666     7
   478   917     9   704   398    10   288   535     8
   241   613     3   443    35     4   937   421     7
   560   684     8   689   374     2   528   993     1
   695   286     6    44   984     2   153   317     2
   240   186     3   240   696     3   811   453    10
   619   531     8   790   775    10   189   402     3
   589   350     9   694   657     1    50   452     2
   403   179     9   882   547     4    24    93    10
   833   302     5   762   817    10   322   270     1
   338   411    10   835   270    10   310   551     2
   880   230     5    38   468     8   475   828     6
   262   917     5   222   794     5    16   469     5
   424   958     1   211   973     5   909    33     3
   183   594     5   460   900     9   924   491     7
   738   926     6   516    85     1   327   469     8
   372   754     3   890   858     3   415   473     3
   780   726     8   827   740     8   535   413     7
   877   887     8   320   771    10   683   814     5
   658   381     6   996   775     8   460   195     6
   173   135     4   184   997     8   710   475     7
   933   839     5   670   300     2   293   968     2
   279   761     2    69   685     7   721   676     3
   877    76     3   776   532    10   803   409     5
   455   718     7   940    51     7   275   813     7
   137   158     7   527   169    10   105   937     6
    62   206     2   611   648     3   886    60     8
   817   813     8   154   549     6   414    21     9
   963   633     6   222    68     9   861   911     7
   383   949     4   763   603     4   710   662     9
   814    89     9   546    93     1   783   383     6
   848    61     7   597   552     2   297   771     3
   867   117     8   508   640     4   267   465     8
   145    62     3   542   465     5   809   101     6
   979   197     6   609   724     1   901   354     8
   723   304     3   694   748     1   792   363     8
   914   318     3   308   206     2   592   347     4
   898    37     2   446   986     3   431   517    10
   896   139     4   119   720     6   262   899     6
    53   135     4   102   185    10   569    82     4
   715   575     3   693   198    10   225   117     1
   966   383     2   283   972    10   277   288     9
    41   611     1   388   828     4   127   676     1
   294   291     9   197   638     2   469   644     2
   641   864     3   896   934     2   446   322     5
   802   869     6   631   862    10   492    19     1
   595   485     6   993   291     2   184   718     9
   491   753     4   667   869     9   891   124     6
   234   213     1   480   983     4   232    31     6
   978   399     9   694   101     1   369   938     3
   232   337     7    27   337     2   314   744     2
   406   706     7   436    12     1    57   253     6
    69   831     2   645    11     3   923   211     9
   651   196     5    91   280     5    25   971     3
   875   338     3   205   132     3   418   951     4
   120    20     7    55   971     4    70   179     4
    12   428     2   461   596     2   517   537     1
   224   352     1   755    18     7   635   920     4
   464    84     8   760   164     7   809   609     3
    44   279     1   333   130     2   517   171     9
   814   222     1   692   725    10   804   344     3
   381   401     9   683   498     4   828   698     3
   752    36    10   910    17     3   966   327     5
   295   410     7   504   849     5   569   601     5
   263   768     2   132   292     5   954    52     3
   158    24     1   282   998     9   288   545     9
    86   452     1   541   719     7   969   697     1
   346   941     6   741   524     1   844   937     8
   531   845     6   906   316     3   549   108     4
   632   408     5   838   972     5   241   251    10
    44   522     5   507   204     9   195   313     6
   828   827     2   118   329     3   132   203     4
   104   937     6   141   229     4    37   125     2
   149   430     1   556   564     1   716   501     6
   928   821     1   105   143    10   518   579    10
   570   818     5   388   889     6   651   367     4
   506   559     3    17   885     8    23   375     5
   381   852     4   833   683     1   399   120     7
   348   124     1   195   202     9   908   802     3
   771   349     4   600   232     6   478    27     1
   857   956     1   184   183     3   548   422     2
   873   198     6   732   235     9     5   498     4
   137   953     9   216   409     9   611   272    10
   780   875     8   887   859     5   847   345     6
   556   293     8   186   673     7   981   527     9
   710   698    10   518   308     3   620    80     6
   381    46     5   390   409    10   512   983     2
   452   803     8  1000   288     1   871   767     4
   374   959     4   116   986     3   572   839     4
   348   596     4   699   883     4   572    92     9
   709   389     8   391   358     9   489   582     7
   936    44     2   740   523     8   405    71     6
   235   662     2   107    18     4    72   878     7
   252   937     3   798   958     7   549   437     9
   841   647     5   158   753     5  1000   822    10
   651   959     8   921   635     8    69   288     3
    74   823     7   924   734     1   416   907     5
   525   868     2   238   448     7   411   529    10
   512   870     7   538   772     7   970   520     4
   909   333     7   255   946     2    35   272     7
   943   720     2   742   923     7   856   246     2
   972   350     1   902   780     8   792   100     8
   487   595     9   481   371     4   614    42     1
   309   691     8   208   381     6   386    87    10
   845   313     6   649    44     6   301   846     1
   359   932     3   287   790     6   679   104     3
   380   372     2   111   164     4   681   620     9
   288   912     1   646   800    10   712   152    10
   647    33    10   455   626    10   550   924     4
   651   267     5   993   311     9   966   267     6
   998   819     6   187    69     1   601     5     6
   471     3    10   780   774     9   279   795     5
    61   249     3   526   911     8   736   316     1
   534   719     6   864   667     3    98   101     6
   697   337     7   841   433     9   307   924     2
   180   444     4   616   862     9   275   416     8
   887   416     4   353   840     7   592   827     9
   278   420     7   542   760    10   907   294     7
   547   738     8   879    95     8   919   773     2
   336   453     6   677   592     6   571   249     4
   111   394     8   284   740     6    82   556     6
   555   882     9    16   877     1   377   793     9
   297   993    10   158   532     2   397   519     7
   515   235    10   977   270    10   647   875     8
   497   614     6   342   495     2   629   889     9
   269   428     1   126   453     7   549   780     5
   658   656     6   607   590     7   658   466     5
   697   573     3   701   629    10   223   281     2
   545   410     9   393   139     6   613   260     2
   675   583     6   449   431     9   223   374     2
   542   420     6   423    38     9   751   280     3
    61   353     2   456   857     2   626   508     9
   420   841     2   662   797    10   850    54     8
   570   509    10   352   753     2    84   343     6
   835   603     3   333   155     9   360   443     6
   146   324     2   784   191     9   610   678     9
   105   758     5   108   276     5   382   373     4
   405  1000     8   899   827     2   881   608    10
   279   730     3   933    79    10   284   406     5
   818   953     6   492   159     3   772   385     4
   755    74     6   373   270     2   793   300     7
   592   588     3   294    54     7   278   636     1
    80   972     9   855   619     3   338   471     5
   388     4     3   445   474    10   589    54     7
   388   571     9   754   536    10   254   314     9
   839   160     3   141   162    10   845   238     3
   208    50     4   729   801     5   339   532     9
   180   606     1   456   107     3   563   482     7
   604   850     7    55   314     4   169   581     9
   106   324     1   542   826     5   651   355     1
   702   843     9   668   299     1    94   926     8
   950   518     2   818   305     2   989   384     2
   238    23     3   671    29     4   354   786     8
   919   547     3   185   890     4   385   289     3
   904   749    10   673   237     6   437   881     5
   369   864     9   243   192     5   964   847     5
   589   454    10   134   539     4   617   457     1
   810   863     5   597   456     5   475   990     1
   976   812     2   323   120     1   908   458     5
   837   253     1   667   697     9   810   841     7
   225   591     6   586   151     8   922   343     4
    11   631     5   781   474    10   971   412     1
   315   418     6    81   914    10   301   876     4
    94   566    10   611    49     9   979   919     2
    78     5    10   807   765     6   461   371     3
   195   289     3   816   733     9   120    51     9
   213   389    10   389   919     6   435   173     6
   348    79     5   631     8     7   518   384     1
   658   862     9   896   969     4   253   343     8
   804    35     5   754    15     1   430   256     6
    16   616     8   394   993     1   745    68     9
   258   609     6   868   957     5   445     5     2
   210   844     2   408    44     2   686   143     8
   683   725     3   488   357     5   271   266     7
   699   740     8   962   100     3   844   521     2
   317    83     1   673   227     1   245   117     2
   587   190    10   461   621     7   891   638     3
   523   548     7     9   100     6   874   616     2
   836   212     4   929   934     8   599   924     6
   744   905     5   682   651     5   537     3     1
   748   972     5   388   455    10   243   241     6
   672   972     9   862   701     1   857   935     8
   739   536    10   959   497     4   577   450     4
   420   634     6   265    17     8   522    48     4
   103   459     6   942   224     3   640   583     6
   862   479     8   229   702     5   929   693     6
   668   390     3   691   891     1   378   205     8
   907   227     4   801   108     7   871   423     7
   574   975    10   706   621     5   672   698     9
   221   300     6    36   352     8   299   167     7
   686   110     1    22   896     8   227   265     6
    20   264     9   313   581    10   370   182     9
   978   648     8   620   956     1   249   411     7
   759    97     4   308   897     8   731   316     2
   371     3     5   562     4     2   719   132     9
   392   401     4   360   688     8    45   572     8
   319   917     2   476    54     4   716   306     8
   513   705     4   642   522     6   733   186     7
   338   905     2   911   128     9   346   781     9
   143   544     1   149   309     5   134   234     5
   323   607     4   803    31    10   743   986     4
   295   952     6   524   489     8   431   322     3
   622   876     9   836   688     3   880   437     9
   224     5    10   228   961     8   659   504     3
   190   156     3   143   376     3   189   783     8
    93   398     9    98   503     2   384   130     1
   508   348     6   585   963     6   156   939    10
   725   798     3   133   359     8   394   322     9
   392   591    10   559   213     7   410   202     2
   485   849     3   234   305     4   626   524     6
   398    77     4   195   772     4   695   636     8
   834   277     1   487    48     8   521   884    10
   436   830     3   208   375    10   804   120     4
    25   749     4   938   640     4    67     8     5
   811   821     7   982   242     1   203     5     9
   200   940     4   477   933     7   596    72     8
    67   616     1   466   309     8   341   966     5
   603    63     8   557    13     7   134   845     5
   505   847    10   586   994     2   366   497     9
   824   359     4   661    26     4   715   405     4
   270   962     2   717   556     6    37   107     5
   709   146     2   372   114     4    60   492     6
   888   322     2   587   797     2   905   771     2
   747   129     9   882   966     1   736   430     4
   761   561    10   440   772     6   197   732     7
   973   111     5    60   733     1   977   125     9
   110   993     5   357   858     8   347   687     8
   684   309     2   698   128     3   629   708     2
   147   694     2   246   474     4   250   324     5
    36   362     1   662   907     8   151   156     3
   275   671     8   428   614     1   749   876     8
   214   117     7   378   336     9   513   257     2
   612   207    10   394    76     8   509   976     9
   726   953     4   886   555     9   217    38     6
   734    30     9   129   287     2   299   937     1
   585   484     6   990    27    10   740   960     5
   444   111     8    29   628     1   440   430     1
   864    88     4   331   872     9   674   581     2
    48   815     9   974   576     7   578   441     2
   726   347     1   501   356     6   776   432     8
   814    26     4   609   963     5   352   763     2
    93   978     6    70   243     1   410   235     5
   457   190     1   499   740    10   719   850     4
   538   952    10   845   359     6   147   353     7
   431   418     1   167    58     5   896   577     9
   494   134    10   402   658     5   649   404     6
   121   765     2   699   796     2   950   629     8
   460   781     6   493   485     8   954   700    10
   818   551     5   153   963     9   609   755     5
   126   436    10   967   987     5    39   485     9
   321   648     3   584   634     6   335   582     3
   856   509     2   867   954     2   281   706     3
   284   941     3   498    16     7   888   130     7
   902   597     4     7   541     7   911   973     4
   738   170     9   684   147     3   973   592     5
   773   350    10   685   605     1   296   889     3
   830   502     7   530   764     7   338   498     6
   541   209     9   736   997     7   151    56     7
   988   917     2   741   910     1   704   133     2
   795   699     4   561   917     5   151   226     3
   527   467     1   763   196     5   243   579     5
   909   948     2   696   810     3   178   650     9
   208   269     6   641    58     5   334   422     1
   103   627     1   555    89     5   352   417     5
   705   647     1   977    42     4   867   776     1
   462   880     9   809    60     4   728   933     4
   661   318     1   482   495    10   722   884     2
   604   875     2   289   685     3   710   140    10
   867   914     6   115    19     4   193   634    10
   293   469     8   617   371     7   499   149    10
   319   144    10   118   955     8   405   318    10
   554   956     8   140   109     2    56   123     7
   772   464     3   419   323     1   287    82     1
   384    18     6    13   860     3   972   729     9
   120   799     5   690   164     4   834   230    10
   956   927     3   319   659     1   571   556     8
   792    93     4   765   296    10   406   984     1
    51   923     5   509   623    10   356   433     1
   168   743     5   403   963     7   370   100    10
     1   737     5   597   214     6    91   494    10
   516   189     8    51   213     8   902   928     1
   536   442     2   725   937    10   739   251     6
   423    99     3   646   964     5   736   842     4
   800   701     1   232   743     9   286   300     5
   616   566    10   786   361     4   369     8     7
   557   553     9    20   387    10   930   786     1
   244    17     5   770   538     4   219   543     3
   835   959     5   636   193     8   893   245     6
   284   722     6   891    23     7   950   738     6
    78   907     6   989   596     2   735   650     9
   420   320     5   241   878     3   233    39     4
   172   452     7   361   325     6   807   870     8
   828   112     7   557   358     7   571   997     1
   334   696     6   406   823     8   629   557     8
   660   840     4   212   677     2   295   669     8
   129   279     7   385   589     5   740   999     4
   268   106     6   338   383     8   572   499    10
   191   272     8   931   901     9   906   988     7
   643   497    10   894   798     1   632   168     3
   338   839     6   197   722     5   483   796     4
   645   329     7   302   876     1   946     6     2
   460   283     6   972   757     3   958   915     8
   305    13     3   695   180    10   721   215     1
    41    92     1   976   936     5   798   417    10
    43   919     2   902   826     2   523    98     5
   151   639     6   122    69     7   588   754     4
   539   541     3   289   143     5   693   636     4
   861    25     6   829    76    10    69   843     9
   608   126     1   422   463     5    66   448    10
   303   414     3   900   739     2   151   593     4
   451   702     9   201   127     2   593   940     2
   670   989     6   689   907     5   819   701     3
   769   945     1   714   666     2   489   483    10
   810   288     2   728   160     7   536   498     4
   134   211     7   986   618     3   607   353     2
   794   372     2   533   929     9   762   379     4
   850   643     9   994   810     8   325   876     5
   397   962     2   192   374     2   699   186     8
    13    66    10   484   352     1   274   238     6
   389   901     8   978    18     7   369   735     2
   932   837     7   290   640     7   192   258     4
   706   466    10   295   882     2   852   236    10
   379   325     5   263   605     4   888   866    10
   172    17     5   487   383     5   109   127     6
   341   127     8   862   502     5   153   145     3
   641   783     6   465   137     9    41   962     1
   171   613     8   445   114     8   379   729     8
   812   930     3    11   401     5    48   448    10
    82   269     6   240   845     3   556   283    10
   118   128     1   997   671     3   110   629     9
   321   418     7   241   605     9   249   333     3
   304   293     4   388   795     7   937   179     5
   979   781     3   111   214     3   784   208     8
   887   669     6   188   853     7   107   464     4
   446   990     2   413   526     6   276    56     5
   115   508     7   587   358     8    77    75     3
   546   179     8   212   434     5   265   125     1
   922   719     4   930   865     4   660   203     4
   120   389    10   427   874    10   685   739    10
   114   517     6   370   340     2    30   766     2
   802   400     7   553   114     7   652   305     5
   131   537     2   687   420     1   292   355     3
   613   442     4   393   492     8   916    62     3
   305     1     1   356    13     9   981    69     4
   430   234     4   336   324     9   913   830     7
   933   907     1   737   900     7   108   957     6
   610   410     5   233    89     1   959   399     3
   873    79     9   153   599     6   335   708     6
   912   806     1   977   932     9   745   139     6
   102   635     3   863   103     9   645  1000     3
   957    87     9   442   994     1   778   831     5
   369   239     8   226   375     1   752   262     4
   487   494    10   770   842    10   748   586     7
   731   871     8   393   842     9   374   733     2
   709   464    10   842   365     3   547   778     5
   117    77     8   740   438     6   824   818     4
   873   646     7   460   832     6   505   850     4
   987   693     7    57   861     4   642   216     5
   423   437     4   859   525     6   502   791     2
   825   689     3   688   431     2   961   662     9
   514   536     6   687   812     7   610   188     2
   549   363     3   394   449     5   540   544     4
   404   355    10    10   355     9   837    42     3
   412   916    10   259    48     2   893   741     6
   390    91     6   962   641     1   916   201     1
   349   956     4   855   647     4   928   411     1
    71   259     2   743   290     5   445   104     6
   312   117     1   489   644     5   733   938     4
   954   921     5   131   978     7   228    55     2
   830   176     8   922    91     2   843   832     7
   425   867     5   928   426     1    14   524     8
   856   342     1   684   842    10   335   773     6
    17   246     9   678   408     3   391   376     5
   968   938     4   866   552     5   694    21     9
    54   905     2   741   523     8   960    51     3
   187   542     6   647   315     5   305   117     8
   234   871     5   646   969    10   406   682     6
   430    22     8   697   461     7   695   214     5
   864     1     8   231    56     7   501   393     8
   782   296     6   180   271    10   391   186     9
   421   815     3   325   464     6   902   105     1
   432   505     9   618   857     2   150   693     7
   951   647     3   411   821     4   629   901     8
   955   190     3   299   746     3    77   463     1
    95   429     6   426   218     5   914   942     5
   209     8     7   313   931     1   548   774    10
   127   780     4   547   613     7   245   337     1
   110   800     1   739   227    10   297   399     4
   426   596     8   538   309     3   496   588     2
   715   527     9   708   730     2   592    91     4
   828   334     8   654   878     6   960   977     6
   455   851     3   161   982     1   652   742     4
   807   115    10   957   241     7    27   594     4
   516   753     8   602   683     4   655   544     2
   958   669     6   747   340    10   119   167     8
   932   508     8   896   972     1   299   603     9
   768   974     6   903   921     8     4   814     9
   809   211     3   514   535     8   865   616     1
   328    93     3   167   210     4   689   250     7
   128   177     3   229   338     7   214   783     8
   661    93     8   589   179     4   990   649     7
   840   965     7   297   237     8   531   280     6
   974   874     6   684   591     5   887   121     9
   216   729     2   608   154     6   420    90     6
   367    34     6   990    76     8    23   195     1
   152   578     6   669    33    10   491   507     7
   597   342     5    97   173     1    27   719     6
   871   847     4   853   835     3   361   170     6
   136    93     3   478   822     3   915   711     2
   458   298     3    20   484    10   406   830     5
   666   452     7   174   690     1   283   135    10
   795   673     2   610   486     7   516   873     2
   465   455     2   885    91     5   343   772     8
   285   275     5    16   164     5   864   670     9
   775   956     4   477   633     4   992   709     9
   742    32     9   736   917     2   928   996     5
    18   398     2   222   957     4    41   901    10
   545   634     2   160    72    10   182    67     6
   195    43     3    89   491     7   669   894     3
   463   381     2   960    80    10   998   204     6
   568   390     4   643   902     4   272   524     5
   206   381     5     6   564     6    66   453     1
   451    40     2   839   592     6   151   257     8
    75   424     1   182   322     3    12   331     4
   160   221     2   136   461     9   937    41     7
   509   449     8   946   534     5   874   361     7
   857   727     4   886   816     2   744   240     2
   973   610     4   905   446     1   474   278     3
   903   491     7   304   686     6   344   276     9
   984   488     4   358   472     8   474   182     1
   287   671     6   939   673     5   382    74     1
   284   179     4   797   506     9   422   498     4
   655   251     1   470   417     1   438   619     2
   495   387     8   522   502     7   711   569     3
   480    41     9   898   204     3   359   640     1
   995   416     6   549   220     2   173   958     4
   317   773     5   303   944     6   602   408     5
   183   170     6   941   379     8   101   847     2
   367   555     1   361   191    10   181   223     1
   853   957     7   162    85     6   679   653     7
   116   311     5   252   892     9   586   204     2
   899   426     3   580   156     3   224   765     7
    68   702     6   365    34     8    85   255     1
   518   643     3   787   426     4   518   790    10
   722   567    10   145   926     5   837   983     7
   155   236     6   985   676     1     4   726    10
   249   199     3   631   591     8   886   815     8
   169   216     7   642   660     5   423   530    10
    23   989     5   107     3     8   352   135    10
    93   644     6   473    83     6   637     5     8
   942    50     2   857   881     9   586   935     4
   502   936    10   158   399     8   153   664     6
   583    29     1   147    16     2   269   970     6
   105   338     8    30   723     1   592   528     3
   188   495     2   163   356     6    93    43     3
   506   531     3   910   907     4   977   760    10
   150   132     6   633   717     9   263   458     3
   235    62     8   976   871     4   149   883     3
   349   618     1   643   723     7    28   206     2
   388   654     7   670   795     3   858   682    10
   105   850     5   266   434    10    58   746     9
   152   619     7   174   645     3   914   546     5
   979   489     1   368    96     8   849   567     3
   152   323     3   602   486     2   548   758     8
   818   743     7   962   533     6   524   419     6
   226   394     9   471   526     4   743   830     9
     3    12     8   958   726     3   679   419     2
   478   551     6   820   745     1   182   999     5
   682   200     5   890   549     4   910   117    10
   272   282    10   746   871    10   820   218     2
   172   155     9   739    90     3   654   863     9
   581   403     6   401   369     9   342   769     2
   303   372    10   560   464    10   239   246     8
   686   755    10   381   663     7   162    90     5
    54   144     1   140   302     1   881   905     6
   119   980     1   500   963     2    55   898     7
   481   640     1   432   442    10   204   892    10
   617   822     7   375   991     6   965   386     7
   966   471     2   868   364     8   857   439     8
   713   333    10   125   927     6   291   767     5
   300   929     6    87   263    10   476   694     1
   448   153     3   355   873     2   325   564     1
   363   833     4   705   675     2    67   236     6
   817   467     5   693    17     7   341   821     2
   759   536     2   327   991     8   944   492     9
   636   860     4   339   167     4   395   338     5
   472   263     2   825   717     4   880   964     5
   751   838    10   678   637     1   298    61     6
    81   468     7    19   423     4   820   245     2
   464   983     8   677   123     3   639   426     8
   833   840    10   537   692     1   297   196     8
   463     8     5   679   869     6   150   331     5
    71   649     2   353   486     1   494   137    10
   665   201     7   338   212     9   154   636     9
   943   451     7   342   216     1   196   828     5
   143   118     7   454    13     2   879   862     1
   705   139     7   464   498     3   731   362     8
   284   654     2   250   317     5   835   961     1
   501    41     3   504   327     2   660    62     1
   965   339     3   855   771    10   936   784    10
   793   703     3   549   236     6   755   196     9
   740   931     8   942   884     8   524   959     9
   917    52     5   304   684    10   628   165     6
   521    71     5   954   729     9   189   996    10
   467   997     3   266   470     1   641   309     4
     7   100     8   347   826     5   387   885     4
   625   432     8    84   287     2   186   831     8
   872    97     4   795   535    10   172   377     7
   151   839     7   672   580     1   597   239     4
   993   284     2    81   803     7    58   644     7
   461    67     5   125   292     9   756   789     6
   823   927     3   548   340     9   700    74     7
   809   374     1   765   670     5   423   271     7
   844   371     2   955   717     3   702   745     1
   124   304     2    39   460     4   588   121     8
   238   955     7   112   836    10   774   917     4
   895   852     4   319   351     9   576   210    10
   623   245     4   684   145     1    78    28     9
   770   555     6   363   143     9   111   120     5
   439   250     3     7   363     2   770   700     5
   197   637     7   286   318     4   444   158     5
   546   648     8    88   521     5   770   126     3
   967   893     3   326   839     2   847    27     4
   438   925     7   899   524     2   419   937     6
   385   702     4   564   972     6   514   416     2
   678   433     7    69   930     8   331    47    10
   701   534     9   461   762     7   315   321     1
   784   503     3   792   847     3   937   539     8
   969   960     5   815   790    10   494   836    10
   928   770     4   691   292     3   376    55     5
   749   621     6    73   891     4   550   485     1
   975   370    10   877   984     3   419   264     9
   351   518     1   721   714     5   863   750    10
   749   603     7   101   549    10   434   664     4
   313   661     3   112   870     5   963   447     7
    20   723     4   537   518     7   648   434     8
   782   403     5   276   592     8   157   135     4
   801   456    10    38   575     7   134    21     8
   292    71    10   287   237     3   128   501    10
   921    14    10   135   633     5   621   855     5
   135   991     2   312   303     1   994   782     6
   621   247     4   621   308     9   275   604     3
   523   943     1   228   811    10   904    89     5
   278    70     4    15   967    10   204   503     3
   397   882     7   561   612     5   792   394     1
   191   983    10   940   798     1   321   897     3
   595   383     1   198   969     5   838   975     3
   460   442     2   603   218     8   508   944    10
   313   980    10   288   501     3   617   930     6
   264   815     7   974   244     3   561   697     8
   858   377     1   378   819    10   223    83     7
   822   172     9   579    48    10   140   835     1
   539   195     5   551   594     1   843    75     7
   778   537     6   372   712     7   175   776     6
   719   680     2   308   970     7   353   214     7
   161   574     5   144   860     7   342   482     5
   386   787     7   246   513    10   801   190    10
   747   769     4   330     8     8   197    76     5
   177   848     1   622   777     3   893   939     2
   881   652     8   407    73     9   645   404     4
   631   842     2   371   582     2    58   835     8
   449   328     2   243    33     4   255   847     4
   315   136     1   674   242     5   175   646     9
    24   573     9   185   784    10   947   815     8
   889   419     8   172   565     1   430   326     8
   413    49     9   482   429     7    46    56    10
   775    34     7   123   577     3   892   179    10
   494   286     4   289   260     1   190   163     6
   208   744     7   202   648     6   965   727     5
   529   724     3   827   424     3    66   878     6
   467   924     8   437   542     9   803   325     7
   854   263     8   674   750     9    60   407    10
   810   793     5   953   500     5    84   796     2
    48   215     9   893   822     2   968   565     5
   602   614     4   716   871     8   172   404     6
   634   280     9   400   734     8   333   688     4
   906   594     3   132   550     9   146   622     2
   711   418     2   162   966     5   255   450     9
   754   360     1    53   626     8   131   645     7
   301   130     5    85   526     7   581   796     4
   806   254     6    95   932     7   848   337     3
   852   509     8   504   280    10    77   709     5
   800   437     4    98   664     6   646   123     8
    83   598     1   909   325     3   948   407     8
   158   361     9   667   662     2   984   726     3
   517    50    10   900   896     1   380   470    10
   816   324     7   983   897    10   262   633     2
   877   675     2   356   857     9   704   973    10
    48   785    10   926   313     2   967   726     5
   632   888     9   349   708     7    95   182     1
    95   852     2   633   591     3   366   303     4
     7   397     8   652   737     7   473   799     4
   139   340     5   485   858     1   225   549     5
   137   292     7   522   732     6   747   719     2
   564   834     9   176   838     4   219   774     7
   970   452    10   374   373     1   345   700    10
   533   955     2   335   122     6   559    80     3
   597    26     2     4   257    10   119   200     4
   138    43     8   880   843     7   252   266     4
   893   513     7   908   334     8   126   196     1
   998   164     8   638   650     5   686   431     1
   696   587     2   956   288     3    65   787     6
     7   808     1   472   353     2   697   799     1
   974   919     5   317   758     9   334   909     1
   744   695     8   740    72     6   874   894     8
    43   584     6   318   507     7   357   262     3
   332   361     1   408   731     5   130   174     6
   737   557     8   763   849     6   169   131     2
   107   599     9   671   259     3   907   455     6
   298   725     5   544   907     8   874   445     4
   821   639     6   293    78     5   142   620     1
   131   559     7   680   317    10   966   436     9
   465   520     5   409   975     2   174   514     7
   278   842     2   633   954     6   345   363     4
   987    13    10   812   238    10   980   545     8
   873    68     1   533    64     6   804   562     3
   605   861     8   223   246     2    22   821    10
   768   647     5   399   534     8   475   781     4
   179   487     2   525    74     8   723   159     2
   367   488     5   300   927     9   760   549     5
    58   179     9    22   983     8   931   264     6
   995   906     1   288   555    10   659   980     1
   128   992    10   359   317     4   603   987     4
   958   872     4   912    79     7   812   134     2
   709   956    10   576   848     6   378   310     8
   101   355     9   553   707     2   719   653     1
   250   576    10   798   970     4   251   743     7
   819   722     1   331   980    10   988   394     2
   391   386     3   736   491     3    75   529     3
   821   440     8    41   893     5   738   238     3
    62   863     2    11   470     4   454   469     9
   480    62     6   749   175     5   804   708     3
   792   969     2   645   263     5   860   361     9
   989   371     5   673    86     9   593   296    10
    34   810     3   535   325     9   826   255     9
   807   929     9   825   465     4   670     6     4
   673   478     6   962   754     9   429   240     9
    79   108     8   700   686     5   792   676    10
    50    67     5   802   310     7   767   444     2
   464   555     5   919   259     5   927   360     1
   120   745     6   772   378     4   689   188     2
   739   140    10    53   782     9   185   924     5
   155    49     8   422   784     8   810    97    10
   524   968     6   741   532     4   163    74     7
   155   848    10    48   118    10   352   254    10
   613   733     6   119    96     6   742   124     7
   129   941     1   723   164     1   890   323     2
   446   803     4   294   191     4   499   875     3
   129   434     5   703    51    10    74   550     9
   880   205    10   627   626     7   806   860     3
   275    36     7    50   796    10   527   755     8
   461   755     7   392   485     3   824   516    10
   898   349     6    48   586     1   260   134     3
    98   686     5   793   678     1   553   129     5
   884   926     3   881   384     5   410   850     3
   986   977     3   701   948     6   439   787     2
   170   841     6     1   287    10   478    83    10
    98   177     7   218   921     2   596   173     6
   383   194     6   343   468     6   702   277    10
   735   359     7    37   178     8   191   359    10
   517   188     3    41   506     3   654   127     3
   522   494     4   438    90     1   863   596     1
   772    14     2   527   393     9   484   948    10
   828   902     6   407   116     8   785   105     9
   178   740     6    21    98     1   334    87     5
   311   109     8   344   472     4   130   745     8
   123   865     2   452   408     8   163   217     4
   906   980     1   742   812     1   485   133     2
   221   315     2   283   103     8   133   303     2
   467   420     6   818   424    10   168   883     7
   993   111    10   273   603     5   310   777     4
   537   670     5   815   957     1   180   543     2
   933   300     3   971   503     7   570   508     7
   869   676    10   528   457     7   407   793     6
   548   514     2   875   342     9   601   517     9
   837   147     8   968   805     9   476   219     6
    29   669     9   269   660     5    59   341     9
   376   221    10   793    45     2   771   327     9
   994   554     2   700   608     4   854   538     6
   363     2     7   146   864     5   461   883     7
   610   412     6   236    24     1   766   722     6
   248   697     1   434   695     2   928   597     5
   823     2     6   298   462     2    50   216     2
   178   473     1   182   317     8   964   775     8
   836   755     2   936   431     1   536   284     2
   767   589     3   190    92     2   278    90     3
   748   402     8   669   311     2   987   742     6
   841   418     8   635   142     4   894   870     5
   373    52     5   806   470     1    18   462     8
   291    74    10   142   338     4   558   504     1
   538   307     6   340   252     7   702    59     7
   521   456     1   354   194     7    31    26     7
   974   333     5   605   616     4   390   813     4
   869   548     8   408   611     8    80   852     5
   675   363     3   413   231     4   987    67     9
    95   418     8   947   378     5   398   453     2
   759    22     4   487   840     1   874   708     6
   485   647     4   512   647     8   175    17     6
   148    44     1   388   766     5   620   269     7
   577   756     7   180   967     3   251   577     1
   477   849     3   565   929     3   504   152     7
    71   290     8   395    34     6   402   656     9
    14   395     2   290   148     1   105   483     4
    96   347     1   884   369     7   564   749     6
   839    49     5  1000   415    10   422   618     2
   760   953    10   796   964     1   551   830     9
   958    69     6   811    35     6   999   646     2
   243   158     3   736   592     2   865   650     4
   122   330    10   734   897     8   128   859     6
   690   699     9   888   833     8   906   178     8
   355   282     9   847   659     7   409   350     3
   500   577     5   608   691     5   488   640     5
   331   782     1   150   205     1   379   524     4
    69   796     3   876    68     4   210   552     2
   402   722     5   303   593     3   234   531     9
   230   689    10   588   962     3   686   725     4
   403    58     1   219    46     1   730   980     6
   974   162     8   963   918     3   266   644     2
   165   161     5   231   562     3    26   582     8
   584   596     3   299   269     3    62   455     2
   256   615     9    10   382     4   406   600     3
   854   715     1   817   516     8   334   547     3
   923   414    10   452   355     7   215   578     5
   957   798    10     6   835    10   245   732     8
    63   904     6   182    23     5   834   703     5
   999   220     5   856   145     5    56   388     2
   307   773     8   835   178     4   377   805     7
    22   762     7   462   853     6   716   211    10
    98   565    10   267   739     5   494   890     7
   165   218     2   932   622     1   872   431     5
   105   588     6   441   896     7   160   698    10
   923   146     6   246   727     2   194   390     9
   195   486     4   915   269     7    83   936     4
   343   494     5   386   737    10   401     7     3
   966   300     8   696   791     4   689   336     9
    94   946    10   565   579     3   235   605     1
   511   419     4   342   257     7   708     9     4
   508   970     8   476   444     2   931   534     6
   753    55     4    10   647     8   866   891     3
   453   182     9   427   261     2   756   291     5
   858   289    10   142   293     7   950   893     3
   262    12     1    87   119     4   155   276    10
   313   759     3   957   873     3   682   840     5
   268   550     1   964   960     6   828   786     6
   188   949     4   138   370     8   935   102     3
   196   912     2   911   754     7    26   318    10
   312   695     3    80   538     8   691   600     6
   951   994     2   320   358     5    10   173     4
   597   861     1   949   752     1   770   463     6
   792   264     8   227     3     7   169   462     2
   998    62     3    91   754     3   501   726     4
   461   489     1   973   799     5   107   335     9
   263   687     7   824   326     3   769   935     7
   278   308    10   687   868     9   382   604     2
   804   630     1   312   324     6   645   433     4
    39    84     1   741   381     8   110   870     6
   842   895     7   363   452     4   149   959     3
   852   312     2   910   540     4   545   329     6
   100   891     5   198   954     9
