            1
         1000        5000         500 1042
     138     735     867     871     798     511     200     569     568     160
     237     526     814     288       5     876     141     785      80     739
     831      19     172     571     177     252     984     650      26     148
     514     607     446     664     116      25     394     203     405     610
     253     958     121     342       9     127     453     348     777     654
     372     555     679     367      35     434     931     423     280     404
     443     920     943     692     728     763     951     743     536     263
     601     992     475     336     666     605      93     278     333     667
     232     907      48     663     191      45     756     293     694     906
     844     272     780     955     874     390     178     652     474     886
     340     117     284      83     790     883      91     402     770     683
     289     561     789     104     416     972     669     241     580     436
     797      46     583     941     133      94      29      66      59     291
     687     450     259     954     842     799     804     975     458     619
     826     942     924     836     282     696     932     803     768     967
     653     813     916     597     676     612     930     849     542     626
     710     532     724     742     489     525     418     530     312     850
     369     194     765     618     467     265     557     326     169     275
     322     845     204     421     806     641     774     113      53     188
     656     595     919     543     545     866     655     731     983     559
     417     482     671     255     360     465     508     396     362     893
      32     205     218     839     535      39     723     315     328      96
     444     781     179     215     437     606     463     974     331     638
     365     589      74     371     266     234     518     321     380     823
     410     246     346     107     181     464       1     182     325     579
     347     193     273     815     869     705     317     190     980     935
     106     466      95     229     447     510     725     523     248     950
     192     947     878     426      81     659     593     319     629     228
     411     660     857     459     549     501      27     733     567      18
     887     173     488      22      31     357     625     976     531     734
     189     156     378     217     834     802     358     750     298     996
     981     491     247     718     352     220      40     832     171     414
     268     492     415     174     202     150     512     868     720     547
     913     572     139     791     197     503     513     989     592      78
     186     230     430     374     792     784     915     250     904     103
      99     345     497     716     788     819     452     287     126     320
     441     675     630     835     585     427     896     500     334      38
     773     350      33     807     647     611     216      30     136     539
     645     699     162     151     617     401      70     787     493     751
     757     359     176     779     977     982     812     685       6     786
     245      82     809     498     461     582     406     544     267     109
     631     159     921     483      73     979     283      84     573     863
     740     424     233     521     998     761     764      47     923     717
     509     963     168     355     795     387     257     817     499     478
      11     909     894     175     833     755     537     198     574      61
      75     147     682     827     487     130     938     554     409     937
     120     534     639     945     524     264     590     928     236     753
     413     356       8     956     897     709     594     281     407     183
     766     681     870      58     847     279     337     506     373     640
     167     613      57     934     170     368     105     782       4     944
       3       7       9       5       3       6       5       5       8       8
       6       7       8       8       3       1       9       1       7       8
       1       5       3       4       5       6       8       3       9       3
       6       5       9       3       7       7       1       5       3       2
       3       2       8       7       2       6       9       4       4       6
       3       2       6       9       7       7       1       6       8       6
       5       3       6       1       2       3       7       2       2       7
       4       7       7       9       6       7       4       7       9       7
       9       1       6       1       2       9       4       6       1       8
       4       6       5       1       7       4       6       8       5       1
       1       3       1       8       7       6       4       7       8       8
       9       6       3       4       1       3       3       8       4       1
       7       4       9       7       9       1       6       1       6       8
       7       9       1       4       8       9       5       6       2       9
       6       5       8       1       1       3       1       6       2       9
       1       2       1       9       3       8       5       4       9       4
       8       3       4       3       4       3       4       7       1       3
       2       4       7       5       1       2       9       6       1       2
       3       9       2       3       3       2       5       4       2       4
       6       5       9       5       8       1       2       4       9       1
       4       8       8       7       9       4       1       4       3       9
       6       7       3       7       7       2       7       7       6       1
       1       6       6       4       9       2       4       6       3       9
       2       6       3       4       5       9       5       7       2       7
       6       9       5       5       2       2       8       9       2       6
       6       1       6       1       8       8       3       5       6       8
       4       4       1       4       2       8       2       1       1       2
       3       9       2       1       6       2       6       5       2       2
       9       4       2       8       8       9       1       7       4       1
       7       2       9       6       7       1       5       7       3       4
       1       1       2       2       5       2       3       7       5       4
       8       1       1       6       9       6       5       7       7       5
       7       6       8       3       9       1       4       9       7       9
       8       5       6       6       6       4       7       7       5       4
       8       8       9       1       4       8       1       4       5       3
       8       7       5       1       6       9       3       9       4       6
       8       4       9       3       5       9       3       8       2       2
       8       8       4       7       7       4       3       1       9       4
       6       4       8       5       9       4       8       3       7       9
       7       4       1       3       9       8       1       7       2       3
       4       4       7       5       8       5       7       1       4       6
       5       3       7       1       6       2       9       1       2       7
       8       5       4       6       2       3       1       5       1       6
       4       7       7       2       9       7       4       7       2       5
       7       6       9       8       4       7       7       1       5       2
       2       8       5       9       5       4       3       5       4       1
       6       2       4       4       3       1       5       6       8       6
       3       2       6       2       8       9       7       7       3       8
       1       4       9       6       1       4       1       2       7       7
       5       3       8       9       4       2       8       1       8       5
   928   381     9   136   928    10   928   633     6
   928   751     1   246   381     7   246   514     6
   751   438     2   246   277    10   351   514    10
   277   778     4   248   136     6    62   381     7
   751   310     9   918   778     7   277   760     6
   914   248     4   136   119     1   760   162     3
   918   822     2   351   770     2    93    62    10
   166   162     3   699   438     6   777   633     5
    83   918     6   449   162     5   333   918     7
   309   248     6   309   235     3   770   820     7
   449   582     3   699   434     6   777    90     1
   204   246     5   582   382     4   583   778     4
   449    46     9   851    46    10   365   699     3
    14   822     4   121   778     7    83   115     4
   625   381     3   770   682     4   593   115     6
    46   961     9   276   365     1   747   822     8
   997    93     8   310   925     3    62   816     4
   365   214     2   324   760     5   582    29     3
   583   647     8    14   981     4   634   778     6
    14   189     3   522   246     1   631   235     3
   699   965     1   828   699     7   204   424     3
   206   634     1   507   582     9   204   700     1
   485   682    10    62   559     3   822   632     8
   449    78     8   365   454     8   228   424     3
   175   820     2   296   777     4   524   522     7
   997   621     5   235   752     4   810   424     7
   277   756     3   177   485     7   235    11     9
   919   235     6   768   752     4   582    75     6
   365   635     4   424   812     1   949   382     9
   625   183    10   632   415    10   878   214     4
   166   154     6   760   185     6   510   878     8
    90   264     1   508   206     2   415   331     2
   829   228     1   871   248     3   107   166     7
   162   398     2   234   632     6   210   919     2
   919   215     6   398   268     3   752   170     9
   621   299     2   424   645     1   421   510    10
   400   324     7   918   139     7   964   398    10
   704   524     9    50    75     8   632   882     3
   351   736     8   717   925     3   204   773     1
   778   788    10   124   583     8    62   443     1
   736   293     8   407   631     3   851   222     4
   210   916     1   228   900     6   925   649    10
   642    11     4    14   654     4   123   177     1
   634   948     1   642   392     8   424   134    10
   327   582     2   788   962     1   405   392     5
   180   682     7   697   166     1   822   521     8
   381   527    10   711   524     2   829   518     7
   324   535     4   967   981     2   501   246    10
   272    93     2   136    74     7    38   166     5
   793   210     5    78   289     4    91   916     4
   193   296     9   691   964     2   189   843     9
   170   750     6   212   633     6   175   899     1
   647    47    10   391   123     9   374   521     8
   891   788     2   145    14     4   306   206     2
   781   206     8   620   535     3   810   772     8
   382   279     5   654     3     7   557   268    10
   919   386     5   247   365     6   503   206     1
   727   916     4   485   998     4   230   521     1
   552   121     3   802   654     2   745    93     6
   671   882     9   781   232     8   388   443     4
   963   331     8    22   812     7   486   438     8
   635   813     4   330   810     2   206   178     1
   457   635     6   293    35     7   756   785     2
   851   147     9   381   554     6   977   964     5
   810   350     4   588   727     3   657   247     8
   563   400     3   523   331     5   128   189     5
   877    93     8   812   294     8   580   770     7
   313   210     7   302   333     5   513   279     5
   781   930     5   309   767     3   842   788     8
   774   222     6   588   285     5   290   557     5
   711   103     8   331   549     5    50   307     1
   941   773     7   175   337     4   178   665     9
   310   423     4   899   626     1   778    34     8
   313   581     4   517   289     4   830   842     8
    56   279     7   155   309     7    59   842    10
   829   606     6   966   154     1   119   895     1
   563   731     8   626   646     7   434   685     5
   206   138     2   189    49     2   695    49     6
   147    81     6   522   641     4   391   653     4
   289   269     3   136   530     5   400   403     9
   506   820     5   895   917     9   405   999     5
   592   549     8   246   722    10   685   167     9
   797   646    10   926   625     9   407   152     8
   689   170     7    75   610     2    38   913     1
    35   638     1   405   220     4   697   730     8
    98   899     1   610    41     1   982   717     7
   894   162    10   777   986     6    56   379     4
   221   234     7   818   810     4    45   626     7
   340   507     6   146   722     1   700    69     8
   351   667    10   175   286     9   203   891     4
   671   148     9   257   167     9   448   365     4
   507   329     6   245   485     6   870   699     5
   624   221     9   184   717     3   425   810     8
   131   508     1   603   329     2   745   308     6
   738   340     8   682   740     4   435   772     4
   478   119     2   689    72     6     2   145     1
   687   234     6   833   730     9   403   712    10
   892   134     3   766   982     2   952   147     1
  1000   624     5   732   146     4   262   813     6
   382   872     2   313   866     8   452   405     6
   740   345     4   922   882     3   269   883     2
   862    29     6    78     6     7   749   843    10
   232   357     5   687    68     1   772   619     9
   957   736     3   221   921     4   254   513     9
   574   895     9   658   816     1   200   894     5
    21   435     2   939   625     9   896   448     2
   162    37     9   791   503     4   443     5     8
   849   178     1   320   638     3   989   606     9
   913   775     3    81   158     2   772   488     4
   577   797     1   945    34     1   824   272     5
   473   269     2   810   240     4   419   421     6
   137   425     9   200   594     5   824   702     2
   224   580     4   167   613     2     2   515     1
   477   731     4    29   847     3   835   818     5
   158   532     9   527    30     7   918   537     3
   276   675     5   337   252     3    85   308    10
    93   754     4   504   272    10   647     9     7
   682   867     1   834    91     4   583   709     3
   357   660     1   521   176    10   132   510    10
    82   926     9   709   110     8   630   146     7
     2   342     8   602   252    10    80   582     4
   822   378     6    18   522     6   985   327     7
   624   316     3   117   400    10   626   839     9
   690   913    10   491   386     2   949    70     8
    98   543     4   784   894     1   898   878     5
   316   846     1   873    22     3   309     7     6
   982   118     3  1000   596    10   661   635     3
   565   118     1   932   998     4   246   297     8
   138   242     6   515   742     5   716   147     1
   365   395    10   776   506     6    34   197     7
   820   623     8   729   507     7   273   892     9
   744   434     9   439   695     7   239   391     8
   365   693     1   534   997     5   430   224     9
   870   688     3   509   147     3   374   808     9
   331   387    10   383    90     7    44   350     4
   623   287     5   682   104     1   802   886     4
   583   836     9   923   744     3   906   146     6
   162   779    10    30   156     7   444    44     1
   777   494     5   224   864     4   840   813     7
   718   268     4   319   808     5   596   442     6
   659   768     5   521   542    10   665   467     8
   696   718     7   501   879     5    21   679     5
   101   400     3   813    54     6    78   724     8
   750    61     7   664   649     7   148   108     7
   380   634     4   131   358     1   810    97     6
   119   335     9   921   344     8   181   134     2
   491   480     9   521   558     1   625   942     1
   268   462     4   448   615     8   400    73     9
    65   999    10   236   773     2   132   575     8
   441   661     1   832   557     7   935   357     2
   588   827     4   622   517    10    97   511     9
   601   928     3   291   989     7   604   268     3
   233   152     6   972    22    10   479    75     4
   135   438     2    22   161    10   691    10     3
   920   479     4   508   472     7    46   399     6
   575   769     1   936   776     9   456   345     7
   591   510     5   482   518     8   588    27     3
   621   735     3   357   805     5   981    48     2
   980   667     8   757   400     9   992   387     5
   882    77     4   943    50     4   870   484     9
   411   491     1   708    21    10   873    60     4
   557   725    10   198   177     6   543   483     3
   260   839     2   966   497    10   630   519     2
   549   376     8   113   407     8   494   841    10
   349   310     8   658   304     5   881   962     3
    87   245     8    77   144     9   353   519     5
   245   780     9   855   158     9   187   136     3
    58   829     1   650     3     4   730   817     1
    37   354     1   749   937     9   487   964     8
   440   932     4    91   627     3   446   239     9
   836   703     3   642    19     9   400   940     2
   212   845     7   227    21     7   940   225     1
   775   122     9   769   481     1  1000    79     9
   189   130     7   213   400     8   291   406     2
   734   563     4   832   848     2    99   184     1
   175   223     2   710     9     9   731   795     8
   168   816     8   741   660     5   797   973    10
   784   410    10   575   255    10   317    83     3
   120   514     7     5   116    10   712   567     6
   574   256     7   241   110     1   873   465     6
   367   899     8   772    31     8   756   978     8
   658   799     7   598   593    10   915   945     2
   487   343     5    95   241     5   385   477     9
   436   834     5   959   286     2    32   509     2
   852   189     3   196   423     2   549   418     8
   426   185     1   587   750     2   548   185     5
   396    87     5   474   206     1   561   358     4
   919   140     4   412   115    10   792   921     4
   341    10     9   843   838     7   889   793     7
   137   271     9   753   530     1   929   403     3
   891   539     8   147   470     8   325   695     9
   786   664     4   305   919     7   963    36     8
    52   774     4   103   680     6    99   655     8
   852   644     3   162   556     7   492   592     7
   956   116     7   495   345     2   617   287     3
   708   450     3   364   340    10   622   616     1
   240   157     1   470   597     8   165   232     1
   156   804     5   464   943     8   193   811     3
   297    43    10     5   300     8   813   844     4
    69   384     7   275   693    10    75   988    10
   735   637     3   534   362     8   498   391     2
   865   374     5   215   338     9    42   753    10
   199   513     6   636   354     3   417   840     5
   228   347     3   369   197     8   466   290     2
   219   124     6   148   171    10   287   525     6
    18   490     5   950   117     6   242   531    10
   596   868     4   895   284     3   505   998     2
    10   301    10   549   801     5   743   411     7
   942   907    10   841   800     9   394   633     1
   893   627     7   284   437    10   825    79     7
   828   445     5   407   759     5   140   326     3
   670   767    10   692   893    10   815   391     2
   944   784     8   932   164     1   997   182     5
   116   355     4   130    25     6   328    58     4
   706    87    10   854   320     3   316   869     8
   793   194     7   826   326     4   888   276     3
   717   885     9   173   289     4   292   255     8
   954   812    10   931   240     6   626   323     7
    53   343     2   772   336     1   315   832     8
   332   690     1   644   890     8   715     2     4
   883   984     2   188   173     5   221   218    10
   576   646     8   619   191     2   136   902     3
   153   702     4   307   798     2   852   283     2
   931   859     7   550   542    10   901   893     8
   253   158     2   593   607     3   436   609     6
   372   780     1   361   894     5   786    24     5
   854   663     5   264   707     5   101    12     9
   358   422     6   322   184     2   932   755     7
   803   550     1    49    94    10   289   764     8
   401   826    10    39   785     6   294   402     8
   760   429     6   669   559     9   287   578     6
   297   238     5   798   377     8   358   579     6
    88   800     6   278   940     4   914   934     2
   312   285     2   108   192     6   701   649     5
    71   889     2   773    86     5   362   551     3
   285   129     6   282   851     5    27   571     2
   845   927     4   934   512     3   469   815     2
    18   614     4   346   162     3   912   615     4
   924    43     2   576   861    10   233   874     7
   605   388     2   249   973     2   508   528     4
   102   342     9    16   367     4   272   564     5
   553   156     4   562   803     4   768   259     4
   275   226     8    17   842     3   860   152     9
   959   143     3   714   204     2   285   599     5
   127   845    10   608   485     1    65   373     7
   921   458     1   662   222     6   222    57     8
   478   409    10   651   531     6   420    24     7
   356   985     2   740   733     9   821   234     7
   416   452     8   186   158     3   991   627    10
   258   845     5   439   933     8   195    88     3
   637   771    10   408    90     4   390   663     2
   672   166     8   389   198     6   677   654     6
   363   817     9   106   655     3   538   512     6
   261   148     2   643    52     6    98   546     8
   460   956    10   721   774     5   787   221     4
   639   714     6   920   500     7   454   463    10
   334   824     4   330   169     4   595   411     2
   912   995    10   610   126     5   119   681    10
   728   467     7   574   311     8    15   456    10
   314   834     4   555    45     3   251   608     1
   850   615     9   224   280     5    66   980     6
   499   138     4   209   405     2   726    24     4
   684   538     6   413   429     1   837   851     8
   656   350     6   219   533     2   910   633     9
   150   415     1   216   351     5   971   866     7
   683   771     8    81   201     2   149   978     6
   551   611     5   345   698     9   573   822     7
   231   957     9    40   899    10    90   705     8
   863   406     2    51   931     7   199   447     6
   274   343     1   168   397     9   510    84     8
   356   807     2   925   904     2   135    89     3
   786     1     7   246   994     1   384   748     9
   905   708     5   975   760     3   475    25     7
   354   987     2   953   619     4   114   740     2
   717   970     2   461   788    10   177   105    10
   367   569     3   737   470     3   556   360     5
   676   710     3   946   383     6   352   788     7
    76   280     8   572   514     7    23   314     4
   875   228     8   568   941     3   612    83     5
   823   557     7   266   804     1   567   404     4
   637   628     6   767   489     7   970    13     3
   976   919     9    84   694     6   133   178     8
   797   428     6   983   388     4   709   746     7
   502   135     8   334   393    10   366   691     9
   990   596     1   713   343     5   512   673     3
   585   934     9    55   610     1   626    96     8
   298   289     8   426   897     9   544   639     9
   397   947     5   499   547     5   112   233    10
   303   279     8   701   468     7   960   386     3
   346   668     4   182   909     6   453   920     3
   365   321     4   520   148     3   951   416     8
   475   359     5   217   120     3   151   820     2
   414   506     1   857    29     3   181   600     5
   359   142     7   819   204     8   577   244     1
   288   741     2   787   281     5   762   551    10
   191   516     8   157   674    10   761   750    10
   339  1000     6   427   220     3   884    91     9
   554   678    10   291   831     1   146   270     7
    64   865     6   720   562     7   202   519     5
    53   783     4   109   748     8    69   208     9
    92     6     3   450   589     2   993   221     8
   348   842     4     4   670     5   190   691     4
   476   947     8   382   237     8   968   675     4
   605   541     8   642   570     2   292    26     4
   375   435     5   794   943     6   566   348     7
   190    63     1   906   796     8   267   271    10
   833   172     3   459   957     1   579   318     1
   356   207     6   478   652     5   742   433     8
   969   987     9   261   471     9     8   531     5
   838   371     3   445   858    10   602   205     1
   428   163     9   941   809     4   100   503    10
   560   487     8   451   609     2   211    68     2
   331   160     7   897   111     2    33   831     9
   547   979     4   360   174     7   765   421     8
   288   179     1   205   640    10   856   209     1
   494   880     3   540   588     2   861   455     6
   125   968     5   996   402     5   947   545    10
   261   590     9   594   431     2   262   526     9
   327   763     7   181   432     4   806   218     1
   104   911     6    86   584     8   810   790     6
    34   723     5    28    87     8    20   728    10
   619   493     8   729   496     7   263   122     3
   584   250     1    67   500     2   403   368    10
   370   589     3   853   863     1   782   761     9
   955   490     1   732   814     1   778   141     8
   938   949    10   894   719     1    79   974     8
   134   618    10   295   334     2   529    90     6
   515   958     2   876    65     3   374   666     5
   908   459     5   586    74     5   123   536     3
   758   489     1   769   686     6    95   629     5
   243   673     6   903   519     7   739   670     1
   229   742     2   789   916     7   265   316     9
   968   887     9   648   375     8   159   967    10
    95   851     8   342   436     9   721    82     6
   804   501     5   765   944     8   587   486     4
    79   130     7   815   424     3   728   356     6
   762   715     4   139   462    10   765   441     1
   273   539     7   502   901     2   850   125     3
   640   585     5   935   292     3   464   172     2
   457     3     6   506   893     4   627   770     1
   903   723     4   568   939     2   953   206     7
   290   874     9   688   444    10   616    76     9
   751   837     2    97   790     7   175   678     7
   945   456    10   790   538     6   683    47     9
   872   116    10   180   507     3   428   334     1
    24   806     4   505   372     5   486   734     5
   654   252     1    16   986    10   398    75    10
    98   620     9   881   897     4   878   978    10
   393   709     6   531   235     7   226   206     7
   969   743    10   822   988     4   609   779     2
   215   783     9   857   181     7   427   802     7
   460   788     1   243   223     6   483    85     3
   121   890     6   457   968     2   693   895     1
   483   650    10   873   991     2   467   807     2
   404   405    10   257   184     3   919   665     5
   331   838     5   637   480     8   853   905     9
   351   966     4   147   486     8   422    70    10
   298   983     7   686   151     1   383   105     1
   299   383     8   495   406     8   251   502     4
   116   444     1   268    56     7   439   922     1
   631   692     8   702   324     3   924   358     7
   248     3     7   522   934     1   979   783     2
   116   916     9   754   164     4   239    99     1
   770   778     7   540   771     9   130   535     8
    83   252     4   194   514     5   704   444    10
   923   515     8   395   354     9   249   614    10
   953    13     4   866   809     8   339   595     6
   714    11     7   548   994     8   853   995     3
   545   790     4   798   309     4    42    29     9
   550   734     6   151   888     5   762   468     3
   870   239    10   233   279     9   535    78     8
   220   204     8   622   604     2   869   500     3
   101   543     9   712   215     2   105   271    10
   232   238     1   576    14     7   852    37     8
   992   382     8   367   484     3   999   357     8
   741   343     9   500   387     7   130   382     7
   192   941     6   909   319     2   741    76     1
   444   957     4   329   146     7   795   248     8
   591   402     2   487   176     4    81   571     6
   421   834     1   465   913     6    75   661     6
   670   148     1   355   486    10   240    36     9
   270    99     8   467    33     8   408   702     6
   755   105     4   685    22     7   151   843     8
   612   805     3   422   658     7   421   699     4
   853   174     6   118   155    10   138   946     4
   199   960     3   584   632     8   875   205     4
   108   626     8   422    51     6   981   455     5
   432   539     8   645   151     4   940   236     7
   171   649    10   370   616     2   360   461     4
   729   661     9   384   224     1   955    71     4
   202   113     2   912   713    10   529     7     9
    76    45     9   141   280     3   253   265     1
    57   707     1   835   457     3   320     5     1
   895   128     2   303   922     6   850   983     7
   360   175     3   642   849     5   619   760     9
    24   736     4   320   983     5   895   676     1
   690   370     8   777   404     7   333   654     6
   697   881     5   720   242     8   482   578     3
   841   228     6   644   146     4     2   371     2
   582   889     3    97   789     9    29   881     9
   516   803     8   716   746     9   441   157     6
   191   361     3   698   430     9   867   171     6
   906   365     8   936   332     3   734   941     7
   108   548     5   789   869    10    32   288     7
   356   352    10    64   857     5   769   132     5
   497   375    10    96   404     9   624   842     4
   317   708    10   842   501    10   631   375     1
   201   111     7    29   151     8   984   821     4
   857   282     7   796   523     7   124   852     7
   515   536     8   495   437     1   936   774     5
   742   264     4   978   701     8   713   629     1
   266   407     2   529   864     2    56   215    10
   936   417     3   772   684     3    35   902     9
   916   938     4   540   967     5   730    43     4
   851   429     7   824   154     2   753   307     1
   987   891     7   612   680     5   344   656     3
   225   766     1   772   213     8   869   818     1
   667   451     6   211   521     4   517    18     7
   233   701    10   739   227     5   251   769     8
   856   763     2   819    74     7   680   924     7
    63   950     9   876   184    10   280   969     5
   544   387     9   782     5     4   678   871     5
   902   568     2   675   302     1   806   834     7
   188   715     1   378    12     3   929   542     8
   645   371     7    86   988     7   993   230     4
   833   423    10     9   202     4   483   290    10
   597   574     7   791   889     5   923   876     9
   959   435     8   522   662     4   614   747     2
   203   339     6   648   218     8   887   165     7
   649    19     8   777   955     3   702   962     4
   519   281    10   698   388     5    13   642     4
   756   225     3   166   280     7   319   404     8
   703   685     7   452   619     7   352   747     7
   507   416     4   120   240     8   993   426    10
   882   264    10   665   488     6   557   318     6
   581   864     6   905   154     6   841   270     7
    94   846     2   959    76     1   889    84     8
   202    55     2   531   241     1   799    69     5
   799   814     9   203   955     8   285   601     2
   898   268     4   123   679     3   962   156     7
   652   264     8   892   482     9   662   925     2
   588    44     6   657    33     1   205   880     9
   818    89     4   788    38     9   440   116     1
    65   154     9   605    25     2   829   548    10
   858   745     2   566   933     5   928   243     2
   105   396     1    47    53     8   913   481    10
   712   843     7    22   357    10   770   106     6
   171   883    10   902    42     7   221   702     8
   479   719     7   151   725    10   707    20     2
   142   211     5   422   939     7   672   468     7
   141   305     9   323   447     2   450   667     8
   588   264    10   919   137     9   628    92     6
   372   105     1   878   396     7   203   182     4
   608   846    10   945   444     1   166   296     1
   248   580     2   543   395     8   526   874     9
   704   435     5   241   775     6   366   887     3
   769   654     7   489   338     7    34    13     4
   864   425     6   877    96    10   428   438     6
   163    27     7   312   560     4   141   156     8
   878    96     9   564   554     8   511   514    10
   709   461     7    79   341     6   657   312    10
   129   680     3   832   325     9   799   161     1
   425   234    10   910   451     5   616   496     4
   600   376     9   490   736     7   909   938     1
   375   286     2   404   448     1   968   931     2
   236   945     6   975   450     5   426   540     6
   379   776     3    65   632     7   588    61     6
   981   428     2   878   654     6   866   465     4
   578   872     9   176   763     2   260   699     6
   314   991     3   902   793     7   255   938     2
   163   948    10   204   103    10   663   399     2
   437   309     9   931   107     1   405    94     2
   966   500     7   753   719    10   832   121     4
   670   965     1   898   204    10   903   577     3
   787   979     5   599    87     9   505   268     7
   906   802     5   124   126     7   510   146     5
   668   496     4   664   801     5   798   753     8
   198   727     7   607   368     2    23   503     2
   353   123     5   993   463     8   552   650     2
   980    65     3   867   268     6     9   254     8
   425   435     4     7    13     8   252   125     8
   650   910     3   967   761    10   659   582     4
   372   801     6   186   165    10   667   724     7
   214   187     6   592   379     2   454   698     9
   963   947     4   790   952    10   422   701     7
   779   346     4   904   390     6   798   653     4
   251   580     7   700   401     2    73   850     5
   666   501    10   792   534     4   363   900     4
   787   794     3   128   413    10   721   942     2
   535   677     9   337    51     9   102   577     8
   611   844     2   386   230     1   972   979     4
   916   285     8    95   154     7     7   501     6
   245    80     8   418   496     5   725   931     3
   243   390     2   356   904     7   419   155     7
   735   590     4   230   429     9    99    17     5
   551   315     7   387   401    10   776   879    10
   763   291     3   695   872     2   600    21     5
   565   496     4   341    35     3    85   253     6
    46   515    10   420   613     3   141   462     3
   601   594    10   769   589     5   769   882     3
   662   503     5   480   603     9   251   461     9
   149    57     6   207   562    10   966   894     3
   650    61     9   730   477    10   545    77     9
   741   587     4   414    27    10   720    19     5
   408   410     1   604   554     7   261   373     9
   940   932     4   679   432     6   379    61     9
   951   901     6   147   287     4   943   871     2
   908   363     5   608   679     4   925    57     1
    83   178     5   849   929     8   587   380     8
   453   964     8   688   962     5   466   749     9
   836   506     5   489    28     7   214   312     5
   483   997     7    49   704     7   898   693     5
   638   230     8    40   251     2    94   156     7
   367    49     8   389   513    10   805   468     7
   455   872     4   208    56     2   809   481     1
   161   666     9   940   167     7   772   960    10
   508   631     8   178   424     7   408   468     6
   781   998     2   560   546     6   740    91     9
   648   411     8   330   743     2   396   928     3
   887   332     8   163   926     8   404   469     8
   883   529     1   291   177     5   916   348     8
    10   947     9   973   951     8    28    27     8
   150   593     2   705   310     6   470   874     9
   711   536     4   232   937     1   913   770    10
    38   341     8    24   572     5   753    71     3
   382   972    10   210   572     9    50   598     9
   583   939     4   190   863     4   622   455     9
    73    26     3   438   531     1   198   781     5
   273   969     4   283    88     3   157   555    10
   815   885     9   654   379    10   536   395     8
   152    50     4   791   235     2    43   888     6
   834   889     8   402   812     2   611   410     4
   131   716     5    38   887     7   382   476     5
   540   210     8   893   163     7   438   197    10
     8   618     5   656   999     6    10   474     7
   965    96     8   336   950     2    46   994     4
   181   167     7   906   702     5   313    56     6
    90    89     6   742   456     3    84   843     6
   420   907     9   230   667     1   811   576     4
   453   933     2   156   316     3   330   787    10
   637   725     2   162   148     4   511   252    10
   613   664     8   325   335    10   484   976    10
   305   508     7   852   775     9   210    64     8
   758   165     7   494   361     9    37   225     5
   737   683     2    44   433     4   418   715     8
   929   194     2   181   758     2   755   899     7
   108   671     9   898   956     4   169   114     7
   669   793     5   820   714     2   116   745     7
   989   622     9   763   150     1   339   825     8
   912   874     5   853   241     2   911   333     8
   463   173     9   749   184     1   485   868     1
   139   337     1   457   704     2   494    97     4
   162   829     8   581   179     5    44   459     3
   391   968    10   879   230     1   208   768     5
   231   146     6    19   687     6    85   604     1
   571   376     1   519   778     7   875    35     4
    90   710     3   137   356     4   940   747     5
   563   227     4   907   980     1   106   575     8
   188    17     5   496   498    10   305   372     2
   965   928     1   514   848     7   151   328     6
   865   439     7   366   412     7   985   432     4
   896   534     4   860   790     2   468     7     4
   466   702     6   106   532     1   144   102     3
   642   665     5   816   247    10   329   792     5
   475   103    10   779   307    10   226   733     4
   799   978    10   827   849     7   541   984     3
   502   255     4   227   378    10   451    32     7
   158   157    10    88   938     9   896   724     8
   274   413     2   227   268    10   312   692     3
   386   788     9   573   817     5   769   714     3
   166   685     2   146   746     9   890   934     1
   279   703     3    81   907     6   583   130     2
   301   693     4    46    30     5   602   516     7
   842   418     8   365   784     2   462     6     1
   554   803     4    63   559     4   230   366    10
   968   920     5   726    34     2   235   662    10
   186   791     4   592   627     2   852   506     5
   105    35     6   866   873     8   508    70     9
   937   551     7   539   995     6   615   530    10
   585   434     1   884   447     4   736   383     3
   446   285     1   528   916    10   803   896     9
   590   310     2   287   977     3   946   834    10
    14   755     6   662    47     8   793   903    10
   566   589     9   181   626     3   773   536    10
   207   547     5   120   358     7   477   657     1
   277   192    10   923   252     6   203   146     9
   507   558     2   436   177     5   499   519     4
   992   580    10   928   833     4   566   738     9
   173   489     7    67    70     2   825   759     4
   498   510     4   925   472     1   345   961    10
   422   665     3   428   871     2   164    68     6
   685   436     5   767   621    10   289   428     1
   580   983    10   282   468     5   832   100    10
   627   531     6   133    62     7   131   753     4
   952   854    10     1   594     3   544   864     9
   621    45     9   300   731     9   482   862     5
   522   109     8   372   452     8    32   966     3
    84    33     3   386   695     1   151   540     4
   193   760     8   811   391    10   161   631     9
   736   678     5    42   539     3   935   994     1
   691     6     6   991   108     6    25   362     8
   201   329     7   905    25     6   935   630     4
   525   554    10   350   346    10   709   193     8
   434   156     9   503    68     9   960   778     1
   182   162     5   865    40     5    43   613     7
   143   105     9   165    25    10    12   793     9
   825   541     6   711   721     2   719   297     4
   600   460    10   351   739     6   187   662     9
   827   714     9   222     5     2   887   966     4
   922   680    10   870   886     3   185   900    10
   428   180     3   628   209     2   690   108     2
   381   104     5   296   633     8   835    21     4
   225   313     4   773   160     4   860   210     4
   826   152     9   305   158     5   557   713     1
   182   334     7   939   193     6   841   442     5
   611   240     9   615   249     1   996   694     1
   338    66     1   253   758     6   309   438     3
   165    34     6   129    62     5   228   803     6
   792   523     6   665   147     5   709   755     3
   499   255     9   680   401     1   749   288     9
   290   519     8   490   354     8   329   782     7
   256   701     4   692   947     4   476   296     2
   919   974     3   281   674     8   639   261     8
   493   502    10   854   167     6   155   610     3
   718   705     4   170   454     9   148   836     2
   658   218     3   924   321     4    97   785     8
    88   868     2   362   941     3   742   224     6
   468   323     5   161     4     9   957   595     2
   105   324     8   889   417     1   170   895    10
   712   889    10   630   749     8   123    17     6
   432    53     3   715   882     6    18   202     9
   452   654     3   728    31     6   647    81     8
   411   672     6   206   185     2   779    68     2
   631   366    10     3   570     7    33   608     2
   712   974     3   658   424    10    87   170    10
   917   488    10   521   194     3   428   970     7
   793   585     1    87   956     1   759   712     8
   764   713     3   291   208     9    51   431     7
   476   760     8   419   361     6   813   115    10
   585   322     7   236   306     1   784   573     3
   246   274     4   965    94     2   437   175     3
   258   976     6   553   192     8   641    23     8
   158   575    10   636   255     4   279   933     3
   521   528     4   514   137     7   424   921     8
   773   939     7   667   430     6   810   568    10
   568   402    10   566    72     8   286   439     6
   255   176     9   188   164     3    39   589     6
   184   358     7   151   251     8   939    84     7
   838   667     4   184   283     9   492   143    10
   115   384     3   457   666     5   315   712     2
    10   489    10    61   260     5   456   971     5
   807    12     4   592   980     9   184   461     1
   997   154     1   340   580     2   541   639     3
   925   564     3    81   782     5   585   123    10
   799   535     6   993   115     6   943   371     7
   949   851     5   777   438    10   782   947     3
   207   852     5   555   884     6   875   772     1
   386   642    10   889   801    10    75   431     3
   109    82     2   176   777     7   306   748     8
   552   853     2   253   109     2   995   743     3
   908   205     7   798   547     4   387   267     5
   348   619     8   931   470     5   733   799     2
   686   167     6    26   756    10   342    28     8
   323    90     8    20   169     3   116   831    10
    52   246     5   213   137     5   569   819    10
    51   839     7   611   649    10   843   165     6
   638   505    10   727   329     3   579    44     1
   750   514    10   678   482     1   467   493     6
   514   864    10    95   301     2   552   100     9
   912   379     9   682   387     3   239   972     5
    70   579     8   979   305     6   152   456     3
   769   963     1   475    38     5   406   902     1
   243   455     2   348    35     8   651   257     3
   904   935     1   312   671     8    13   927     4
    93    33     6   331   923     2   622   214     2
   505   692     1   723   490     8   299   939     3
   789   351     6   297    63     4   836   414     4
   581   414     2   749   291     1   607   664     2
   359   777     4   274   700     9   468   575     7
   970   814    10   130   908     2   791   232     2
   284   204     1   947   308     3   869   914     5
   787   150     7   983   223     9   369   210     6
   223   699     8   133   564     6   534   768     3
   349   199     3   300   223     8   602   594    10
   766   430     3   287   325     5   399   324     2
    81   938     7   716   392     6   597   611     1
   279   432     7   663   912     8   546   139     9
   245   369     6    20    21     6    94   442     8
     6    24     9   741   463     2   888   557     2
   554   737     4   534   552     1   553   238    10
     1   376     4   110   869     4   308   604     3
   468   203     1   291   420     3   196   163     8
   318   952     8   815   553     5   184   488     6
   796   318     1   785   132     6   425   653     9
   452   856     6   572   115     1   949   183     4
   306   121     6   536   309     9   723   170     9
   930   869     9   249    25     2   604   171     4
    14   742     3   706    24     8   564   198     4
   151   432     2   907   357     9   338   649     2
    17   103     3   956   122     6   487   984     3
   746   769     7   575    80     8   765   330     2
   644   510     3   292   965     1   941    25     2
   706   418     4   273   971     7   113   488     3
    95   267     9   830   877     2   100   837     7
   936   178     7   343   151    10   531   691     3
   626   952     1   531   795     2   921   822     8
   123   964     9   820   453     4   995   141    10
   301   158    10   521   913     7   200   191     3
   938   353     6   356   517     1   481   130     9
   144   446     6   910   491     6   822   833     7
   891   381     2   423   567     3   903   958    10
   627   995     4   427   339     8   443    69     2
   721    10     6     5   937     4   862   691     9
   531   605     3   868   685     1   696   392     8
   320   371     4   167   234     4   142   706     7
   372    82     6   707   534     2   555   231     8
   584   435     1   664   746     4    84   808     3
   894   880     5    22   644     3   400   721     5
   254   665     6   352   732     7   152   150     4
   907   993     1   677   141     7   855   805    10
   753    50     1   242   164     9    25    78    10
   621   286    10   769    14     3    89   469     8
   155   283     9   896   188     2   143   876     8
   759   959     2   710   192     4   863   819     2
   570   182     8   384   583     9   532   621     9
   366   316     9   939   706     2   153    24     5
   803   758     6   370    83     4   886   858     1
   501   675    10   575   675     3   129   893     8
   356   832     5   905   581     8    45   254     5
   578   528     3   791    27     9   540    71     1
   265   586     1   715   875     7   906   279     4
   134   275     6   638   670     2   504   868     3
   981   659     7   206   955     8   877   832     7
   569   863     5   238   705    10   119   745    10
   297   885     8   483   231     8   834   953     2
   627   930     2   430   929     6   394   907    10
   864   382     3   464   505     8   777   248     2
    65   317    10   926   955    10   726   974     2
   743   374     3   837   937     1   363   782     4
   195   139     2   838   498     2   659   242     4
   323   865     5    98    16     1   409   640     5
     1    64     3    19   867     7    82   627     2
   473   836     6   426   544     2   652   374    10
   296   462     2   700   795     9   797   643     2
   842   752     9   564    51     4   750   735     8
   890   305     1   197   649     8   728   747     2
   587   634     3   528   533     3   644   879    10
   587   778    10   781   895     5   231   613     6
   804   989     2   420   309     3    34   692     8
    81   185     3   294   351     4   758    48     6
   369   772     7   331   938     3   414    82    10
   137    13     9   146   824     5   794   396     6
   788   252     8   841   838     7   173   960    10
   398   683     6   207   104     6   975   156     4
   508    60     5   154   922     1   547   270    10
   773   327     9   616   841     2    30   926     5
   466   135     2   161     8    10   208   770     6
   907   161    10   287   311    10   175   784     3
   981   171     9   749   688     6   845   471     9
   538   983     7   683   727    10   431   442     6
   723   244     8   312   403     2   624   225     3
   574   450     7   300   415     6   850   153    10
   703   634     5   346   504     5   867   133     4
   182   281     3   981   698     5   921   777     2
   387   295     1   384   284     4   217   105     8
   333   507     4   243   638     6   473   549     7
   979   350     2   422   250     6    32   569    10
   903   877     5   950   677     5   683   549     9
   570   449     4    54   821     6   937   563     7
   893   838     2   883   198     5   314   700     1
   442    98     9   759   886     3   254     2     5
   737   867     6   155   204     4   351   397     7
    13   855     6   137   841     8   648   986     1
   330   929     4   521   164     5   246   845     7
   129   567     5   897   154     2    19    88     7
   589   530     9   259   848     8   650   570     1
    98   209    10   634   417     5   699   687     5
   179   833     8   419   217     3     4   827     6
   597   568     7   203   514     7    39    86     2
   835   752     1   421   931     8   312   514     7
   827   497     9   274   696     9   222   614     2
   167    12     2   652   876     9   612   642    10
    56   542     2   308   349     1   468    49     8
   154   109    10   324   573     1   960   783     1
   416   264     8   841   900     2   337   662     7
   445   970     7   422    33     5   528   485     9
   516    33    10   637   861     4   376   974    10
   888   697    10   999   409     2   462   675     7
   331   748     8    75   147     9   835   411     8
   432   773     7   697   334     3   792   651     8
   583   661     7    75   452     2   358   586     8
   347   398     8   531    31     3   397   620     5
   905   491     1    24   244     7   611   497     2
    17   418     2   817   224     5   814   426    10
   689   529     8   910   570     9   782   239     4
   768   556     9   476   593    10   672   441     2
   163   921     1   271   439     4   737   661     7
   673   701     6   992    71     8    21   291     7
   771   397     7   323   521     8   917   497     6
   805   269     1   603   612     1   915   288     8
   180   740     2   218   752     4   731   523     6
   158   900     7   652   313     8   582   154     2
   564   113     2   648   327     5   661   490     1
   671   664     6   112   554     4   381   969     5
   265   519     2   810   449     9   776   986     8
    94   499    10   750    89     8   803   648     3
    62   349     3   117   671     3   573   845     5
   496   778     5   985   185     5   854   719     7
   365   876    10   956   679     2   375   909     2
   307   429     8   626   371     6   997   432     9
   159   960     2   883    55     1   749   274     3
   530   979     4    48    37     4   338   541     7
   188    31     7   873   784     3   509   459     3
    17    41     6  1000   567     4   234   598     9
   144   232     3   929   538     2   453   962    10
   162    85     6   852   911    10   584   258     5
   515   202     4   448   307     9   713   676     2
   581   176     1   343   391     3   966   196     8
   288   467     9   521   547     1   599   480     4
     7   447     9   892   652     1   943   535    10
   627   390    10   120   661     9   471   488     4
   457   123     3   439   161     1   631   280     4
   557   464     2   956   630     7   689   700    10
   256    40     1   221   598     4   228   524     9
   333     9     8   172   307    10    21     2    10
   462   425     1   450   273    10   769   286     3
   217   682     3   331   326     5   311   443     2
   426   552    10   182   348     2   607   194    10
   478    35     8    71   490     6   376   419     5
   539   997     6   196   398     9    23   833     9
    21   126     1   915   818     9   557   375     1
   277   537     8   549   196     5    94   130    10
   515   198     2   811   363     8   189   126     9
    51   788     7   451   888     5   688    30     9
   695   205     1    15   789    10    38   810     3
   819   404     7    94   835     7   473   170     2
   258   506     9    95   117     1   250   115     2
   526   306     2   650    46     8   471   568     8
   400   797     3   937   630     4   386   161     8
   506   310    10    20   500     1   181   898     7
   378    42     7   152   296     5   564   389     4
   541   407     3    35   276     7   450   845     9
   727   306     7   529   192     8   933   798     3
   651    10     3   661   714     2   841   661     6
   951   378     1   508   452     4   707   755     2
   531    51     7   327   131     2   511    76     3
   915   520     2   474   748     2   679   271     4
   317   320     6   285   390     4   455    96     9
   898    77     5    22   928     4   232   408     6
   809   765     2   687   439     3   989   599     3
   996   362     6   592   842     8   529   593     7
   333   581    10   438    65     4   350    71     6
   456   751     9   779   957     5   101   617     3
   904   634    10   880   366     9    90   251     6
    44   863     1   904   548     5   981    22     6
   769   496     3   722   271     5   582   351     2
   126   585    10    53   893     7    52   865    10
   989   985     2   143   633     6   443   788     6
   458   269     2   500   335     4    16   731     9
   280   240     7   647   152     5   522   231     8
    12   144     2   282   806     8   471   337     8
   687    65     5   961   762     6   770   256     1
   590   345     5   505   697     6   367   751     4
   792   228     6   826   235    10   176   828    10
   446   499     5   856   922     6   679   297     7
   254   253     2   609   383     5   925   877     5
   233   539     8   981   923     6   206   593    10
   188   893     4   904   146     3   660   751     7
   711   432     4   381     3     1   373   404     9
   468   960    10   422   151     1   788   775     2
   684   278     3    31   162     1   966   300     9
    62   638     8   652   209     1   977   325     3
   627   894     3   461   674     2   106   218     7
   258   701     5    40   382     4   750   456     3
   462   515     2   348   153     1    32   692     6
   738   114     9   106    53     4   353   352     4
   190   556     5    78   357     8   937   406    10
   858   928     4   696   354     6   591   582     1
   274   744     3   882   822     4   499   920     1
   959   420     3   742    97     8    91   339     5
   239   773     5   278   636     7   292   488     3
   337   257     7   608   253     8   858   934     5
   511   586     1   378    50     6   733   815     2
    11   947     1   954   308    10   212   917     2
   627   551    10   624   868     7   392   153     3
   721   798     1   943   816     3   500   567     1
   325   104     8   371   547     4   814     5     7
   107   463     1   493   707    10   467   524     6
   303    69     5     3   379     6   780   676     3
   198   307     6    63   915     9   349   549     6
    93   213     5   525   229     1   754   430     7
   149   882     4   514   500     9   132   924    10
   383   266     5   874   735     7    70   897     1
   536   817     6    58   944     9   585   372    10
   551   600     9   357    77     5   266   120     7
   454   799     8   328   412     5   161   381     3
   204   356     5   426    24    10   386   373    10
   725    96     9   223   415     1   692   411     3
   852   847     4   524   253     3   230   437    10
   507   521     9    82    18     6   459   664     3
   734   465     9   869   742     3   561   223     4
   881   566     4    73   231     8   592   608     6
   982     6     4   724   495     4   511   131     4
   711   557     2   278    44    10   669   161     5
   978   669     1     4   308     5   161    56     9
   859   858    10   148   589     9   105    83     2
   890   489     6   377   401     4   561   420     3
   521   532     7   306   128     2   873   326     5
   168   559     2   226   234    10   166    13     1
    54   771     8   797   416     6   939   416    10
   945   213    10   754   292     1   909    37     6
   183   685     2   753   395     9   763    79     8
   982   193     7   349   974     9   750    19     7
   208   528     1   825   791     4   975   873     8
   459   683    10   918   709     7   184   992     8
   979   510     2   118   122     1   622   512     9
   527   285     2   409   148     2   255    24     1
   221   522     6   702   506     9   337   706    10
   311   778     3   381   213     7   232   179     3
   619   108     1   281    34     1   754   887    10
   769   245     1   447   454     8   132   278     8
   105   693     4   289   213     8   894   586     5
   699   125     5   817   734     2    13   650     7
   120   193    10   453   609     4   923   177     3
    65   983     4   773   792     8   341   156     9
   222   645     8   114   433     7   489   909     5
   882   125     1   616    78     1   694    66     1
   700   803     1   902   753     4  1000   676     2
   662    44     9   451   930     8   411    55    10
   254    48     4    89   888     7   995   888     9
   801   873     2   870   949     2   384   741     9
   190   264     4   115   892     9   921   228     4
    76   904     9   517    77     2   871   403     5
   310     6     8   710   422    10   607   460     5
   795    34     5   158   652     3   620   892     7
   109   944     7   659    54     7   704   499     1
    83   210     3   296   856     2   921   562     7
   968   159    10   893   551     3   739   745     2
   418   293     7   802     1     5   454   697     1
   578   531     2   300   590     5   531   184     7
   239    82     4   272   845    10   736   770     2
   595   546     7    84   849    10   167   432     9
   626   381     2   229   434    10   120    84     8
   855   809     7   289   426     1   708   983     1
    98   750     9   195   851     4   363   253     7
   135   747     1   730   825     1   155   565    10
   345   428     2   571   272     9   115   674     9
   604   808     6   417   278     9   819   297     8
   201   849     7    27   749    10   393    77     6
   844   606     2   880   427     4   325   888     1
   587   872     5   146   853     1   171   870     7
   643   600     5   935   977     6   481   952     5
    97   202     7   199    27     6   140   660    10
   705    22     1   819   755     8   147   700     4
   382   285     3   381   358    10   984   281     2
   317   769     9   959   250     5   634   140     9
   901   434     8   214   283     7    63   538     9
    61   480     1   506   855     5   677   808     6
   817   948    10   718   350     9   653   515     6
   156   389     5   535   827     2   793   563     4
   677   588     6    56   350     7   868    55     1
   697     1     1   744   939     3   384   385     4
   438   572     9   543   349     1   429   545     6
   675   628     3   901   121     2   108   875     3
   221   151     9   173   302     8   840   659     8
   113   837     3   705   365     2   294   886     6
   634   801     2   742   801     9   160   659     7
   835   733     8   915   760    10   228   134     7
   149   979     3   161   793     5   513   848     8
   700   606     5   983   747     5   313   328     5
   172   251     7   590    33     3    24   455     4
   630   591     4   547   920     1   888   820     1
   906   164     1   252    63     2   263   407     4
   707   983     1   150   692     7   743   151    10
   835  1000     6   169   544     4   742   786     1
   804   436     1   468   878     2    27    59     7
   833   698     9   687   819     9   424   213     4
   746   282    10   862   108     5   259   792     1
   668   366     9   925   103     2   312   476     6
   443   264     7    36   110     4   109    84     5
   901   914     4   120   988     6   856   112     7
   553   249     6   615   183     5   315     7     4
   870   553     1   260   592    10   620   888    10
   931   591     1   834   413     8   705   948     3
   711   216     9   316   743     7   951   547     6
   927   513     8   217   127     3   947   168     5
   364   884     6   431   773     4   730   834     6
   600    20     7   508   139     4   550   768     8
     9   236     1   941   134     4   940    23    10
   975   383     2     2   867     3   881   792     9
   124   396     2   183   201     8   213   736     2
   719   340     2   875    84     5    20   984     6
   238   172     6   553   839    10   257   492     7
   909    76     2   902   661     1   269   889     8
   622   812     1   757   268     6   387   737     5
   193   219     2   213    37     2   995   480    10
   275   503     6   982   657     5   998   310     3
   957    23     9   526   641    10   177   667     7
   785    60     8   702   320     5   992   108     3
    23   558     9   437   111     8    10   486     1
   612   594     1   348   274    10   483   415     6
   538   775    10   621   600     6   666   794     3
   437   460     7   810     1     7   991   347     4
   974   767     8   662   907     9   696   858     4
   108   139     3   293   188    10    49   904    10
   387   643    10   288   997     3   686   385     1
   848    28     5   537   179     5   734    45     2
   776   129     1   541   451     7   358   215    10
   598    73    10   657   609     4   150   998     9
   182    39     3   146   776     2    59   756    10
   324   892     2   561   405     5   897   225     3
   957   867     5   911   630     7   633   679     4
   817   246     6    31   707     3   746   324     6
   621   839     2   150   479     1   848   918     1
   604   587     1   316   775     3   702   159     4
   175    89     5   554   457    10   759   419    10
   786   211     1   728   692     5   457   692     6
   533   244     3   863   300     7   939   306     6
   627     6     1   802   557     7    95   361     7
   494   186     9   425   239    10    42   934     1
   475   144     3   439   915    10   997   278     5
   136   768     8   487   864     4   273   392    10
   849   605     5   812   962     5   919   681    10
   858   944     2   236   979     9   262   592     7
   696   885     8   810   234     1   512   982     1
     2   279     9   526   997     4   755   895     9
   950   384     8   642   926     4   692   169    10
   232   176     1   787   669    10   274   441     4
   105   967     7   532   137     5   449   146    10
   683   565     7   388   651     8   468   396     8
   188   128     1   815   635     7   465   304     9
   426   458     5   545   391     7     8   149     5
   212   458     1   299   330     6   876   867     3
   751   677     5   990   236     2   631   267     1
    23   138     9   543   660     3   169   518     8
   844   916     1   525   254    10   128     1     9
   649   270     4   570   263     5   484   696     5
   510   270     1   245   240     3   199   995     1
   457   441    10   244   586     4   885   776     9
   801   347     4    55   337     5    70   537     3
   828    40     9    48   120     3    48   883     2
   809   308     9   467   508     4   692   121     4
   907   400     9   134   842     7   275   988     1
   225   385     9   163   291    10   283   407     9
   634   760     6   757   554     8   557   885     3
   786   439     8   852   443     1   535   950     8
   746   353     1   701   517     1   789   487     3
   411   199     7   601   711    10   789   582     4
   948   260     1   602   531    10   638   213     8
   402   180     2   493   501     2   910   820     3
   850   933     7   800   971     3   846  1000     6
    34   440     4   372   422     8   294   776     9
   664   780     5   379   349     4   744   611     6
   219    81     5   235   559     5   938   629     8
   883   985     6   626   500     8   662   960     9
    69   841     3   470   402     4   992   968     4
   277   714     7   589   707     4   949    96     7
   741   320     2   326   226    10   385   367     1
   409   534     7   236   713     1   219   314     7
    33    71     5   683   321     9   846   746     1
    47   118     9   708   807     4   303   530     8
   209   943     7   382   196     1   532   474     3
   592   578     9   532   617     2   705   675     1
   769   999     9   324   925     8   152   831     4
    90   305     3   407   561     8   604   991     1
   885   849     9   893   340     2   191   637     5
   959   641     6   712    69     7   994   611     7
   927   738     3   882   556    10   315   875    10
    19   500     8   688   850     9     5   467     4
   740   870     5   403   113     1   545   715     2
   287   869     9   698   529     2   697   494    10
   406   851     1   137   500     5   451   630     7
   581   718     7   953   246     2   992   976     8
    15   383     7   606   901     6   508   175     1
   414   207     4    27   624     6   345   218     8
   434   396     8   162   586     3   610   759     6
   412   815     5   131   430     7   883   137     3
   984   107     4   696   161    10   429   162     8
   553   904     6    41   453     6   611   761     6
   183   574     7   195   620     9   818   427     1
   913   674     1   729   168     6   869   413     9
   536   907     9   775   813     3   744    14     9
   559   762     7   894   124     6   643    81     6
   732   253     3   367   671     2   545   218     8
   621   119     2   966   303     1   894   807     9
   592   479     1   768   400    10   367   520     7
   576    13     5   397   656     6   985   759     7
   563   188     5   177   885     5   797    24     1
   774    64     7   564   777     7   923    45     2
   817   218     3   981   785     7   356   509     2
   753   166     8   124   261     6   912   697     8
   577   271     9   667   902     5   817   327     4
   527   259     6   780   707    10   775   622     1
   609   143     8   590   307     5   982   268     1
   718   458     7   473   853     5   867   251     8
   885   626     2   941   876     7   130   862     2
   262   987     6   845   219     5   782    45     3
   119   482     4   866    16     5    67   875    10
   384    22     4   440    27     3   478   991     3
   339   169     5   711   689     7   706   783     7
   580   929    10   628   149     7   774   845     9
   432   560     8   845    26     8   988   502     3
    24   474     6   395   390     8   953   292     2
   218   756     9   657   535    10   169   452     9
   284   651     8   773   275     8   258   387     4
   860   350     3   511   719     9   329   975     1
   519   741     7   183   975     9   306   868     8
   469   104     1   185   810    10   400   928     8
   509   592     5   224   953     6   240   776     3
   692    47     7   930   304     7   889   926     3
   821   828     9   588   110     9   231   935     8
    29   526     7   358   766     2   646   125     8
   433   839     2   104   980     7   795   602     4
    49   504     4    33    79     5   188   621     5
   969   722     3   863   365     2   279    82     8
   265   916     9   817   293     7   877   537     8
   154   594    10    99   851     8    85   812    10
    56   716     9   408   791     4   282   234     8
   835   349     8   274   570     8   492   245    10
   439   454     1   962   476     1   152   221     4
   443   170     8   434    61     6   909   464     5
   184   990     7   237    89     7   554   905     8
   115   623     7    72   990     4   479   892     6
   866   818     8   941   106    10    14   312     5
   638   341     6   269   319     4   695   748     7
    24   137     7   745   777     3   980   389     6
    74   218     6   966    20     4   160   265     3
   545   219     6   386   631     6   343   462     2
   762   238     5   889   196     6   926   576     8
    94    90     2   913    97     9   661   255    10
   125   191     6    70   699     4   539   937    10
   375   893     2   784   225     7   856    87     1
   444   900     4   924   163     6   736    72     1
   696   875     2   878   522     4   206   429     2
   444   550     4   776   203     8   893   226     8
   403   546     1   954   730    10   881   686     9
    83   882     6   221   809     3   617   721     7
   766   774     2   954   625     7   761   990     2
   320    61     7   465   692     8   112    62    10
   224   135     7   631   623     5   718   572     6
   224   258     7   992   552     1   105    23     8
   711   774    10   677   775     9   523   374     9
   631   869     5   164   571     8   256   287     4
   723   887     4   657   234     5   481   470     2
   829   418    10   877   779     8   550    39     6
   142   896     4   996   186     3   697    16    10
   484   202     7   919   647     4   259   539     7
   626    10     9   835    79     7   809   311     8
   256   769     4   176   218     3   885   615     8
   225   425     7   812   894    10   950   739     6
   258   582     3   951   882     9   525   468     4
   188   548     5   114    29     7   222   355     7
   679   586     2   483   883     6    66   686     9
   195   327     1   603   292     8   937   168     9
   791   347     5   681   537     7   254   163     2
   931   605     2   343   397     4   568   108     3
   479   880     6   118   985     3   714   608     1
   761   740     6   829   172     9   862   813     5
   633   383     1   979   427     4   280   207     1
   531   997     4   206   923     3   380   495    10
    96   311     5   503   173     5   737   625     7
   267   116     6   309   750     4    44   332     6
   803   792     4    18   749     2   861   178     6
   165   455     2    15   784     6   654   738     3
   863   296     3   875    96     7   340   558     1
   171   849     3   411   532     2   831   569     6
   648   746     6   755   293     2   939    83     5
    80   990     1   406   438     4   562   484     9
   669    51     5   467   735     7   980   521     9
   734   526     6   881   597     3   253    57     6
   630   347     2   223   651     2   547   772     5
   780   973     6   436   529     9   778   136     6
   664    87     5   677   968     4   444   626     2
   687   789     4   864   704     7   445   474     2
   425   266     3   720    48     3   737   764     5
   490   959     1   688   849     1   784   956     8
   721   561     7   207   384     8   256   464     9
   508   466    10   210   624     9   916   790     3
   878    12     4   916   229     7   415   108     1
   822   160     2   280    51    10   101   525     6
   654   990     9   212    68     9   914   729     2
   191   483     9   772   320     4   462   888     4
   304   583     5   484   178     1   919   104     4
   699   789     4   696   428     5   409   274     4
   194   368     9   962   822     2   800   303     1
   672   309     1    75   493    10    78   155     9
   370   112     2   679   775     4   788   385     7
   249   878     7   485   545     1   868   101     4
   990   323     2   247   506     1   808   893     1
   287   516     7   597    29     1   275   958     4
   574   964     9   425   332     1   995   593     3
   877   646     2   476   283     2   475   183     6
   278    47     2   978   676     1   342   890     7
   783   542     7   755   777     2   274   884     4
   944   163     3   885   753    10   462   393    10
    54   470     3   573    93     1   276   896     4
   660   388    10   381   790     6   119   363     5
   711     9     8   633   834     6   748    20     6
    64   341     1   502   107     4   925   957     5
   240   967    10   613   953    10   948   767     9
   483   604     3   396   559     9   574   345     9
   900   908    10    99    46     7   852    62     5
   739   629     7   659   124     9   548   331     2
   116   854     9   404    54     7   244   355     3
   761   148     9    75   802     7   218   999     5
   790   621    10   322   263     7   841   532     4
   290   710     3   940   609     1   937   740     2
    71   995     4   992    88     1   822   401     1
   121   797    10   770   894     7   615   359     9
   950   141     3   728   753     3   314   402     1
    98   435     4   164   623     4   270   377     5
    11   515    10   951   848    10   491   930     3
   491   814     7   191   540    10   797   366     3
   426   331     9   418   268     4   297   322     3
   302   648     5   312   445     1   318   124     5
   603   689     1   635   739     6   307   125     3
   619   443     8    98   641     9   460   632     4
   482   706     1   192   630    10   309   574     8
   599   449     9   308   598     4    62   971     7
   155   848     5   550   598     5   796   238     8
   140   374     5    29   519     5   436   528     7
   502    95     4   770   575     4   365   846     5
   370   774     9   243   127     5   882   836    10
   784   625     4   798   922     5   695   124     3
   500   315     5   825   362     8   373   296     2
   981   697    10   135   525     2    81   742    10
    59   762     3   962   260     1   928   339     6
   836   306     5   486   571     4   282   758     3
   777   615     6   884   259     4   273   947     1
   523   726     7   461   561     3   848   126     6
   835   777     7   211   722     2    68   350     7
   943   651     7   918   730     5   282   460     7
   851   187     2   607   741     2    69   189     1
   212   875     7   674    96     5   929   220     4
   993    35     4   836   857     9   122   162     8
    99    10     8    69   584     5   310   709     5
   483    93     2   708   634     5   459   308     7
   347   214     1   393   873     3   453   634     3
   705   671     1   279   471     8   994   323     9
   198   611     5   194    21     9   382   524     8
   770   898     7   527   970     9   676   304     6
   959   908    10   551   406     1   412   524     3
   314   279    10   715   411     2   807    79     5
   712   443     9   541   186     9   742   724     2
   760   989     2   640   680     2   116   493     6
   998   795     8   880   900     5   319    82     5
   726   835     2   367   347     4   131   861     8
   124   721     9   866   749     1   361   321     4
   372   889     1   970   148     1   587   764     6
   247   355     6   330   838     4   179   801     7
   267   188     2   189   616     6   690   729     3
   484   926     4   536   164     6   887   260     7
   378   457     2   395   170     9   699   660     9
   682   132     8   927   743     4    60   436     2
   785   800     5   342   363    10   708   616     9
   359   216     9   161   875     1   283   624     2
   341   621     5   890   166     2   451   409     7
   204   972     5   218   493     4   300   267     6
   363   415     3   644   224     8   894   520     6
   430   549     6   429   259     6   141   268     5
   382   106     2    35   488     3   487   542     7
   642   675     1   501   758     2   298   828    10
   161   755     2   735    32     3   866   359     8
   286   935     7   830   970     4   361   365     4
   681   579     5   133   485     2   868   117     4
    92   722     7   119   367     7   196   663     3
   926   649     8   760   750     9   926   631     4
   740   410     1   455   998     8   197   860     6
   280   584     9   521   796     2   206   256     1
   979   824     2   962   559     6   322   984     5
   444   684     3   108   153     6   234   397     6
   258   710     8   474   925     1   819   175     8
   241   844     7    52   315     9   163   200     4
   989   465     7   585   946     2   125   110     9
   271   899     2   592   100     3   872   902     3
   818   398     2   615   832     8   240   939     8
   567   454     6   220   437     1   862   697     9
   796   315     8   823   494     6   558   828     7
   624   347     3   442   585     9   858   493     3
   874   436     3   793   749     3   275   107     3
   995   654     6   613   503     1   690   829     3
   745   409     9   895   670     7   791   852     5
   633   192     7   939   466     5   718   932     6
   587   204     8   552   854     3   283   692     5
   638   413     6   674   929     8   900   341     4
   726   966     9   873   533     4   448   942     5
   572   619     9   385    43     9   630   863     7
   861   771     6    93   348     4   148    72     6
    54   806     4   946   688     8   837   695     8
   556   599     1   745   290     2   898   599     4
   328   636     1   578    85     1    54   542     7
   897   369     3   266   211     1   608    63     8
   211    61     8   486   573     1   326   942     2
   410    51     8   462   645     5   472   950     4
    27   591     5   819   227     1   282   830     6
   940    54     5   275   129     7   255   760     6
   248    42     5   367   980     8   221   333     8
   627   217     9   368   491     6    42    66    10
   594   413     9   531   328     3   967    24     6
   563   139     4    52   911     1   112   880     4
   476   314     1   117   212     2   684   241     3
   157   900     5   568   757     9   378   142     5
   592   483     5   415   614     9   486   814     5
   167   389     4   455   784     8   448   638     4
   799   306    10   573   765     7   788   917     4
   228   334     4   106    47     2    71   403     5
   777   860     9   918   432     5   779   265     8
   546   823     6   486   531     8   630   414     4
   255   361     4   150   939    10   922    57     6
   380   679     7   584   998     7   960   600     9
    17   994     2   797    93     9   184    78     3
   796   340     2   675   947     3   514   972     7
   533   459     9   628   524     5   292   988     6
   485   218     8   818   137     3   395   246     1
   995   491     3    87   703     3   354   712     6
    91   820     1   380   508     1   697   114     1
   614   430     1   456   398     6   922    80     8
   986   351     9   528   522     3    40   420    10
   150   111     9   577   970     1   619   362     1
   612   768     8   900   141     2   499   609     6
   842   766     4   796   892    10    43   307     4
   225   529     2   659   875     8   831   688     6
   550   700     6   907    53     3   406    10     7
   963   124     7   213   240     2   317   194     4
   550   499     4    48   371    10   628   402     6
   431   536     1   165   118     7   878   627     2
   414    80     1   352   657     5   979   871     2
   794   648     4   347   854     3   327   761     7
   852   578     6   629   525     6   790   246     7
   620   699     7   147   475     1   487   667     7
   774   846     8    79   141    10   958   687     7
   247   759     8   838   731     3   951   888     5
   111   689     3   938   346     6   305   954     1
   346   121     9   653   377     9   961   955     5
   998   106     7   945   643     8   524   585     8
   931   410     2   835   606     8   870   335     2
   499   194     9   270   576     4   152   468     6
   890   718     5   929   818     4   557   642    10
   844   271     9   541   479     5   663   956     9
   912   293     6   949   898    10   984   101    10
   424   938     1   963   652     1   627   208     3
   695   391     4   409    58     9   635   437     2
    71   422     2   668   935     5   924   916     3
   551   258     1   899    87     6   415   235     3
     2   271    10   375   738     9   743   536     2
   208   808     3   964   229     5    73   675     7
   441   231     9   959   997     4   814   731     2
   863     3     5   751   375     1   435   336     4
   797    17     9   599   659    10   235   340     8
     7   644     2   679   870     5   142   476     1
   813   509     5   305   790     8    79   852     6
   857   434     1   130   349    10   953   893     4
   191   923     4   895   400     8   219    11     8
   142   123     2   354   276     2   880   523     2
   243   601    10   894   613     3   725    26     1
    14   322     9   412   716     4   781   986     4
   236   256     8   397   357     4   264   466     5
   252   531     9     2   199     6   639    31     1
    31   616     7   873   999     1    30   854     8
   214   842     3   539    90     4   966    26     7
   221   179    10   295   823     9   725   179     3
   792   956     6    38   162     2   668   777    10
   809   988     6   870   721    10   256   747     2
   774   537     6   731   377     5   962   648    10
   216   868     4   676   192     3   691   556     5
    17   578     3   168   175     8   944   951     5
   494   210     9   820   410     7   373   403     3
    37   107     2   499   315     4   673   713     5
   587   589     4   843   852     2   903   379     5
   209   820     3   731   359     9   803   244     8
   167   660     7   839   205     5   434   371     6
   691   452     1   732   750     2   661   853     1
   890   764     4   954   910     9   778   880     1
   440   877     7    14   162     5   867   816     3
   383   311     4   886   298     3   106   787     5
    28   583     8   616   406     6   657   375     8
   685   599     8   434   592     7   318   588    10
   672   430     4   289   582     1   981   631     9
   679   506     8   427   813    10   100   603     8
   440   539     6   318   801     3   535   649     2
   234   233     1   277   165     7   224    77     3
   715   840     9   457   852     9    49   255     8
   231   535     3   570   231     9   326   156     9
    41   206     3   192   706    10   973   198     5
   234    24     1   410   965     3   907   279     6
   690   346     8   182    97     2   554   250     9
   896    23     7   377   567     5   722   248     4
   687   749    10   835    64     2   467   983     1
   761   789     8   302   721     6   908   647     8
   477   726     1   374   320     2   758   638     3
   126   842     9     4   248     7   439   734     7
   391   792     1   474   283     4   148    69     5
   874   123     5   821   938    10   910   567     2
   970   274    10   538   982     5   405   189     1
   126   459     4   156   417     8   606   723     4
   567   870     9   373   703    10   386   794     5
   429   529     5   721   901     1    93   278    10
   240   980     1   633   799     8   828   843     3
   566   149     2   130   508     8   207   952     4
   641   701     7   635   945     6   573   777     6
   364   214     6   603   319     5   957   737     6
   515   423     1   129   493    10   738    22    10
   313   962     8   449   984     5   647   161     2
   941   497     9   984   384     8   797   748     7
   411   665     2   317   237     6   396   628     4
   187   958     6    37   457     1   366   616     6
   424   352     5   945   252     3    93   668    10
   555   799     4   448   927     5    66   539     3
   884   605     5   452     6     1   730   310     2
   111   492     5   261   537     9   966   641     3
   643   923     8   525   100     2   796   117     4
    26   367     5   123   359     1   992   679     3
   796   667     6   119   500     3   683   116     6
   369   586    10   694   178     2   450   642     5
   650   925     8   788   568     4   706   983    10
   971    28     8   607   198    10   610   192     9
   936   495    10   266   745     3   333   514     9
   408   613     1   356   956     6   316   292     1
   122   536     7   141   623     7   605   927     9
   717   476     4   689   227     3   699   701     8
   867     4     3   132   613     9    44   664     8
   108   782     9   288   394     6   998   625     2
   687   980     6   711   460     2   487   240    10
    54   693     2    17   150     3   704   232     5
   539   540     7   571   546     2   564   537     8
   415   512     6   916   106     6   678   587     2
   883   453    10     3   922     7   714   760    10
   458   461     7   979   727    10   773   965     3
   381   121     2   120   335     7   912   722    10
   559   467    10   956   487     6   183   231     7
   605   651     5   705    29     1   653   771     4
     2   885     2   564   946     4   651   620     9
   888   949     7   836   585     8   590   242     9
    66   285     6   622   951     5   809   516     5
    69   410     7   216   880     2   223   749     6
   144   809    10   831    22     6   124   994     3
   294   758     9   781   415     8   415   465     9
    53   806     7   790   338     2   491   750    10
   123   332     7    86   441     4   656   464     9
   848   152     6   642   337     2   149   760     7
    46   910    10   167   211     6   493   968     8
    78   554     3   611   960     7    78   376     9
    68   506     5     1   489     5   445   564     9
   972   279     7    58   485     9   642   120     2
   586    83     9   208   600    10    14   864     9
   536   124     3   437   809     8   403   630    10
    55   779     5   420   540     9   501   720     5
   595   413     8     7   240     2   136   317     2
   712    93    10   283   619     6   712   420     2
    43   427     5   492   106     4   595   163     2
   116   724     6   250   965     2   295   185     3
    84   885     7   771   827     1   982   163     5
   625   276     8   250   946     3   571   733     4
    80   468     8   746   179     1   876   493     6
   115    94     5   332   606     5   976   547     6
   267   783     9   779    49     4    89   832     4
   610   880     4   482   546     6   155   166     5
   854   751     9   208   939     6   522   615     6
   389   537    10   515   890     8   910   419     8
   274   720     8   530    86     3    79   530     2
   208   601     6   731    42     4   224   774     4
   583   561    10   638   157     7   963   304     3
   130   126     7   874   789     5   304   605     7
   401   716     6   723   552     6   800   281     4
    41   318    10   809   116     5   593   911     8
   563    83    10   306   865     3   824   865     9
   931    13     7   461   612     1   972   222     3
   862    43     5   145   984     4   610    76     3
   810   478     1   619   635    10   164   111     9
   452   523     8   642   621     5   188   995     3
    22   797     7   758   142     5   138   465    10
   217   768     1   101   178    10   424   955     8
   816   341     6   424   676     2   714   720     5
   699   204     2   819   629     7   675   607    10
   411   561     9   613     9     5   836   301     7
   636   872     4   850   423     6   503   860     9
   607   219     2   348   461     3   910   590     1
   843   467     7   813   930     9    88   845     3
   832   870     7   440   570     5   871    52     7
   182   129    10   805   613     2   653   346    10
   894   113     4   387   922     1   132   146     2
   247   945    10   518   986     4   800   649    10
   761   375     9    54   789     3   743    29     6
   381   545     8   712   503     1   541   108     1
   693   839     6    27   354     8   337   714     5
    50   854     1   182   575     8   287   789     6
    82   227     7   762   660     9    88   335     7
   140   854     7   726   383     9   860   594     4
   419   536     4   673   761     5   307   330     3
   898   960     4     6   128     2    68   839     8
   971   688     4   217   344     3   938   281     4
  1000   589     6   613   215     3   296   188     7
   474   231     1   470   399    10   913   906     3
   588   114     6   688    81     2   399    66    10
   371   303     3   406   965     5   320   621     7
   693    45     1   732   708     6   728   552     6
   328   541     8   969    77     6   926   985     3
   212   388     1    93    45     2   484   350     1
   271   543     7   349   847     6   845   767     2
    76   376     3   780   971     5   615   831     2
   793   969     3   769   234    10   426    61     1
   424   654     9   833     3     3   233   643     2
   933   623     4     5   885     4   949   977     7
   123   386     2   379   853     7   138   845     7
   178   906     6   510   139     2    15   779     5
   698   431     6   423   243     3   839   164     4
   283   895     1   603    47     8   722    87     4
   311   440     6   839   337     5   809   399     3
   611   685    10   106   821     7   358   436     5
   966   528     7   835   594     8   737   953     2
   346    98    10   180   999     1   234   344     5
    18   983     5   533   922     2   638    93     4
   756   348     9   183   877     5   389   753     2
   909   137     5   588   497    10   893   522     7
   933   650     4   143    87    10   869   214     4
   562   277     2   943   530    10   999   391     8
   533   670     9    63   627    10   186   497    10
   679    37     9   355   762     3   336   549     9
   752   236     7    65   460     3   800   853     1
   831   568     9     6   355     7   191   784     7
   564   466     5   514   625     6   741   872     4
   434   335     9   637  1000     9   267   299     5
    40   173     5   530   752    10   734   354     8
   271   241     1   328   506     6   610   252     9
   432   347     7    44    26     5   938   904     6
   363   682     4   668    84     7   697    18     7
   731     3    10   305   986     5   450   930     4
   803   547    10   894    13     5   391   997     6
   698   480     2   814   556     9   221   813     4
     9   703     6   854   760     3   362   540     3
   486   395     7   374   323     7   798   216     9
   919   645     4   823   499     9   724   960     5
   177   676     6   557   599     7   523   995     5
   295   899     9   581   965    10   819   701    10
   802   408     1   180   677     3   214   221     5
   574   543     7   726   629    10   724   196     3
   572   699     2   156    96     4   658   665     7
   617   780     7   805   381     2   838   959     7
   810   937     3   277   234     7   428   380     2
   758   233     7   431   641    10   157    13     7
   395   821    10   812   883     9   752    54     9
   413   631    10   383   855     2   268   782     2
   429   587    10   282   950     3   703   585     6
   355    93     7   115    25     8   147   759     4
   533   981     6   999   623     5   485   422     2
   552   808     5   313   440     4   621    46     4
   255   564     8   106   529     9   726   528     1
   896   983     7   883   586     2    88   625     5
   462   787     4   413   752     3   381   666     4
   256   607     1    92   160     2   368   361     4
     6   746     6   425   881     4   732    31     4
    39   748     6   556   881     4    14   572     5
   329   681     1   530   996     6   645    41     9
   277   258     5   261   390     8   157   502     9
   888   562     5   913   421     2   379   448     1
   589   250     9   467   515     2   735   683     5
   186   511     9   666   337     6   995   771     6
   687   678     3    16    70     3   468   788     2
   659    86    10   439   281     8    43   945    10
    22   845     4   756    33     7   835   406     8
   445    54     3   881   395     9   529   345    10
   840   741    10   322   636     2   530   312     1
   397   419     4   498   351     4   741   794     7
   127   553     6   444     6     7   881   314     3
   362   454     2   193   848     9   659   675     9
   210   720     3    40   847     6   234   499    10
   772   647    10   786   788     8   883   307     2
    12   924     4    44   953     8   144   243     9
    82   597     1    51   778     2   140   796     5
   581   335     4   968   320     7   587   922     6
   514   566     3   588   712     1   465    47     6
   339   198     1   452   912     9   312   299     7
   361   434    10   170   657     2   174   316     4
   253   579     4    26   470     3    24    52     1
   605   156     5    32   727     1   762   996     4
   944   275     1    19   801     1   601   189     9
   978   653     6   733   134     2   863   355     9
   806   719    10   856   448     3   448   256     7
   728    24     3   356   343     5   788   193     5
   887   706     9   396   216     9   119   212     9
   329   247     3   126   699     2   795   399    10
   983    63     1   983   494     4   542   737     3
   977   950     6   683   728     1   147   487    10
   476   993     7   105   957     8   600   671    10
   907   485     4   265   488     8   945   763     3
   349   188    10    20    70     8   882   582     9
   464   338    10   396   898     6   784   485    10
   467   270    10   237   683     1   892   246     9
   432   993     8   127   675     2   701   956     3
   159   462     8   938   113     5   901   946     3
    86   748     9   341     6     7   218   385    10
   589   391     3   287   921     1   855   680    10
   900   642    10   993   893     5   154   709     6
    19   727     4   992   235     8   420   305     8
   986   616     9   507   484     5   424   518     4
   204   188     6   511   125     5   565   260     4
   511   873     6   126   156     1   291   992     6
   422   325     6   619   248     9   477   667     2
   952   118     7   183   384     6    90   338     5
   984   574     4   169   710     4   527   385     8
   371   442     9   540   659     2   683   602     6
   510   736     5   960   575    10   248   928     7
    93   634     7    87     2     8   662   207     4
   527   542     4   764   790     9   267   848     3
   213   127     5   408   204     5   764    78     3
    97   502    10   786   120    10    66   975     4
   627   330     6   287   618    10   930   473     2
   861   123     8   120   138    10   734   571     7
   602    35     6   652   950     8   185   929     6
   806   879     7   777   657     9  1000   822     1
   268   788     8   939   142     2   469   912     6
   295   658     1   893   219     1   346   394     1
   481   594     2   847   281     6   295   613     9
   662   186     5   704   976    10   629    62     5
   278   839     3    55   417     6   868   632     7
   400   817     1   619    37     6   394     4     2
   864   216    10   352   237     2    46   719     4
   389   886     7   287   476     8   228   614     2
   159   582    10    92   213     1   841   638     2
   116   111     8   681   756     6   652    80     9
   298   913     4   470   507     6   803    16     3
   501   660    10   659   680     7   588   390     6
   150   270    10   556   561     5   841   699    10
   625   125     3   672   771     6   644   170     7
   708   213     5   424   315     4   440   863     7
    57   769     5   982   250     9    50   906     7
   749   112     1    77   680    10   224   869     9
   415   596     9   190   588     3   794   697     3
   843   906     7   518   604     8    77   575     8
   156   257     8   254   109     2   521   519     3
   725   795     9   445   427     4   605   682     9
   663    28     9   195   667    10   927   815     9
   685   858    10   610   767     9   157   558     7
   677   433     7   842   231     2   816   125     1
   678   129     1   680   980     2   557   256     8
   275   399     9   637   429     7   888   942     4
    25   294     7   410   890     1   208   246     7
   429   844     1    69   122     3   844   507     5
   224   496     7   562   708     9    63   374     3
   500   843     3   109   696     5    93    98     6
   764   484     3   613   830     3   521   954     7
   490   400     8   451   859     1   612   838     4
   414   570    10   107   300     2   947   274     6
   289   616     8   992    40    10   321   574     4
   344   312    10   135   263     2   290   421     6
     6   948     6   573   613     4   764   655    10
   911   225     5    32   661     3  1000   353     6
    95   999     5   829   727     4   866   967     2
   654   903    10   504   914     9   930   991    10
   817    92     3   165   370     5   544     9     5
    76   253    10    36   232     8   847   637     4
   631    43     7   360   995     1   623   817     9
   832   166     1   150   649     3   929   931     6
    56    74     4   695   811     3   930   261     1
   544   762    10   532   585     2   597   936     4
   925   146    10   754   979     6   830   206     2
   286   866     4   724   977     2    21   894     1
   999   903     9   822   957     1     2   606     9
   766   543     9   733   329     9    47   244     7
    60   906     3   654   976    10   898   537     7
   645   489     1    12   841     8   420    41     8
   716   368     7   174   682     1   937   128     2
   489   861     4   778   468     4   440   427     1
   456   783     1   963   383     7   901   551     4
   560   541     6   651   875     9   250   548     9
   263   781     6   530   523     9   398   450     4
   754   353     9   806   520     1
